"Year","Age","Gender","Race","Prev_Normal","Prev_Under","Prev_Over","Prev_Obese"
1975,0,"Male","Non_Hispanic_White",0.0405935368752348,0.95841615567352,0.00099030745124686,0
1976,0,"Male","Non_Hispanic_White",0.0415081411031668,0.957359553202347,0.00113230569448679,0
1977,0,"Male","Non_Hispanic_White",0.0424227453310986,0.956302950731174,0.00127430393772671,0
1978,0,"Male","Non_Hispanic_White",0.0433373495590304,0.955246348260002,0.00141630218096664,0
1979,0,"Male","Non_Hispanic_White",0.0442519537869622,0.954189745788832,0.00155830042420657,0
1980,0,"Male","Non_Hispanic_White",0.045166558014894,0.953133143317659,0.00170029866744649,0
1981,0,"Male","Non_Hispanic_White",0.0460811622428259,0.952076540846487,0.00184229691068642,0
1982,0,"Male","Non_Hispanic_White",0.0469957664707576,0.951019938375317,0.00198429515392635,0
1983,0,"Male","Non_Hispanic_White",0.0479103706986895,0.949963335904145,0.00212629339716627,0
1984,0,"Male","Non_Hispanic_White",0.0488249749266213,0.948906733432973,0.0022682916404062,0
1985,0,"Male","Non_Hispanic_White",0.0497395791545531,0.947850130961801,0.00241028988364613,0
1986,0,"Male","Non_Hispanic_White",0.0506541833824849,0.94679352849063,0.00255228812688605,0
1987,0,"Male","Non_Hispanic_White",0.0515687876104167,0.945736926019457,0.00269428637012598,0
1988,0,"Male","Non_Hispanic_White",0.0524833918383487,0.944680323548284,0.00283628461336591,0
1989,0,"Male","Non_Hispanic_White",0.0533979960662805,0.943623721077113,0.00297828285660584,0
1990,0,"Male","Non_Hispanic_White",0.0543126002942123,0.942567118605943,0.00312028109984577,0
1991,0,"Male","Non_Hispanic_White",0.0552272045221441,0.941510516134771,0.0032622793430857,0
1992,0,"Male","Non_Hispanic_White",0.0580070528636782,0.9390931432758,0.00289980386052062,0
1993,0,"Male","Non_Hispanic_White",0.0607869012052122,0.936675770416832,0.00253732837795554,0
1994,0,"Male","Non_Hispanic_White",0.0635667495467463,0.934258397557864,0.00217485289539046,0
1995,0,"Male","Non_Hispanic_White",0.0663465978882802,0.931841024698895,0.00181237741282538,0
1996,0,"Male","Non_Hispanic_White",0.0691264462298143,0.929423651839924,0.00144990193026031,0
1997,0,"Male","Non_Hispanic_White",0.0719062945713484,0.927006278980956,0.00108742644769523,0
1998,0,"Male","Non_Hispanic_White",0.0746861429128824,0.924588906121988,0.000724950965130155,0
1999,0,"Male","Non_Hispanic_White",0.0774659912544165,0.922171533263019,0.000362475482565077,0
2000,0,"Male","Non_Hispanic_White",0.0802458395959506,0.919754160404049,0,0
2001,0,"Male","Non_Hispanic_White",0.0831742253002252,0.916821869836142,3.90486363307905e-06,0
2002,0,"Male","Non_Hispanic_White",0.0861026110044999,0.913889579268233,7.8097272661581e-06,0
2003,0,"Male","Non_Hispanic_White",0.0890309967087745,0.910957288700326,1.17145908992371e-05,0
2004,0,"Male","Non_Hispanic_White",0.0919593824130491,0.908024998132418,1.56194545323162e-05,0
2005,0,"Male","Non_Hispanic_White",0.0948877681173238,0.905092707564512,1.95243181653952e-05,0
2006,0,"Male","Non_Hispanic_White",0.0978161538215986,0.902160416996604,2.34291817984743e-05,0
2007,0,"Male","Non_Hispanic_White",0.100744539525873,0.899228126428696,2.73340454315533e-05,0
2008,0,"Male","Non_Hispanic_White",0.103672925230148,0.896295835860789,3.12389090646324e-05,0
2009,0,"Male","Non_Hispanic_White",0.106601310934423,0.893363545292879,3.51437726977114e-05,0
2010,0,"Male","Non_Hispanic_White",0.109529696638697,0.890431254724972,3.90486363307905e-05,0
2011,0,"Male","Non_Hispanic_White",0.109638546080698,0.889427611138847,0.000381431782378996,0.000552410998076429
2012,0,"Male","Non_Hispanic_White",0.1097473955227,0.88842396755272,0.000723814928427202,0.00110482199615286
2013,0,"Male","Non_Hispanic_White",0.109856244964701,0.887420323966595,0.00106619807447541,0.00165723299422929
2014,0,"Male","Non_Hispanic_White",0.109965094406702,0.886416680380469,0.00140858122052362,0.00220964399230572
2015,0,"Male","Non_Hispanic_White",0.110073943848703,0.885413036794342,0.00175096436657182,0.00276205499038213
2016,0,"Male","Non_Hispanic_White",0.110182793290704,0.884409393208216,0.00209334751262003,0.00331446598845856
2017,0,"Male","Non_Hispanic_White",0.110291642732706,0.883405749622091,0.00243573065866823,0.00386687698653499
2018,0,"Male","Non_Hispanic_White",0.110400492174707,0.882402106035965,0.00277811380471644,0.00441928798461142
2019,0,"Male","Non_Hispanic_White",0.110509341616708,0.881398462449839,0.00312049695076465,0.00497169898268785
1975,1,"Male","Non_Hispanic_White",0.0405935368752348,0.95841615567352,0.00099030745124686,0
1976,1,"Male","Non_Hispanic_White",0.0415081411031668,0.957359553202347,0.00113230569448679,0
1977,1,"Male","Non_Hispanic_White",0.0424227453310986,0.956302950731174,0.00127430393772671,0
1978,1,"Male","Non_Hispanic_White",0.0433373495590304,0.955246348260002,0.00141630218096664,0
1979,1,"Male","Non_Hispanic_White",0.0442519537869622,0.954189745788832,0.00155830042420657,0
1980,1,"Male","Non_Hispanic_White",0.045166558014894,0.953133143317659,0.00170029866744649,0
1981,1,"Male","Non_Hispanic_White",0.0460811622428259,0.952076540846487,0.00184229691068642,0
1982,1,"Male","Non_Hispanic_White",0.0469957664707576,0.951019938375317,0.00198429515392635,0
1983,1,"Male","Non_Hispanic_White",0.0479103706986895,0.949963335904145,0.00212629339716627,0
1984,1,"Male","Non_Hispanic_White",0.0488249749266213,0.948906733432973,0.0022682916404062,0
1985,1,"Male","Non_Hispanic_White",0.0497395791545531,0.947850130961801,0.00241028988364613,0
1986,1,"Male","Non_Hispanic_White",0.0506541833824849,0.94679352849063,0.00255228812688605,0
1987,1,"Male","Non_Hispanic_White",0.0515687876104167,0.945736926019457,0.00269428637012598,0
1988,1,"Male","Non_Hispanic_White",0.0524833918383487,0.944680323548284,0.00283628461336591,0
1989,1,"Male","Non_Hispanic_White",0.0533979960662805,0.943623721077113,0.00297828285660584,0
1990,1,"Male","Non_Hispanic_White",0.0543126002942123,0.942567118605943,0.00312028109984577,0
1991,1,"Male","Non_Hispanic_White",0.0552272045221441,0.941510516134771,0.0032622793430857,0
1992,1,"Male","Non_Hispanic_White",0.0580070528636782,0.9390931432758,0.00289980386052062,0
1993,1,"Male","Non_Hispanic_White",0.0607869012052122,0.936675770416832,0.00253732837795554,0
1994,1,"Male","Non_Hispanic_White",0.0635667495467463,0.934258397557864,0.00217485289539046,0
1995,1,"Male","Non_Hispanic_White",0.0663465978882802,0.931841024698895,0.00181237741282538,0
1996,1,"Male","Non_Hispanic_White",0.0691264462298143,0.929423651839924,0.00144990193026031,0
1997,1,"Male","Non_Hispanic_White",0.0719062945713484,0.927006278980956,0.00108742644769523,0
1998,1,"Male","Non_Hispanic_White",0.0746861429128824,0.924588906121988,0.000724950965130155,0
1999,1,"Male","Non_Hispanic_White",0.0774659912544165,0.922171533263019,0.000362475482565077,0
2000,1,"Male","Non_Hispanic_White",0.0802458395959506,0.919754160404049,0,0
2001,1,"Male","Non_Hispanic_White",0.0831742253002252,0.916821869836142,3.90486363307905e-06,0
2002,1,"Male","Non_Hispanic_White",0.0861026110044999,0.913889579268233,7.8097272661581e-06,0
2003,1,"Male","Non_Hispanic_White",0.0890309967087745,0.910957288700326,1.17145908992371e-05,0
2004,1,"Male","Non_Hispanic_White",0.0919593824130491,0.908024998132418,1.56194545323162e-05,0
2005,1,"Male","Non_Hispanic_White",0.0948877681173238,0.905092707564512,1.95243181653952e-05,0
2006,1,"Male","Non_Hispanic_White",0.0978161538215986,0.902160416996604,2.34291817984743e-05,0
2007,1,"Male","Non_Hispanic_White",0.100744539525873,0.899228126428696,2.73340454315533e-05,0
2008,1,"Male","Non_Hispanic_White",0.103672925230148,0.896295835860789,3.12389090646324e-05,0
2009,1,"Male","Non_Hispanic_White",0.106601310934423,0.893363545292879,3.51437726977114e-05,0
2010,1,"Male","Non_Hispanic_White",0.109529696638697,0.890431254724972,3.90486363307905e-05,0
2011,1,"Male","Non_Hispanic_White",0.109638546080698,0.889427611138847,0.000381431782378996,0.000552410998076429
2012,1,"Male","Non_Hispanic_White",0.1097473955227,0.88842396755272,0.000723814928427202,0.00110482199615286
2013,1,"Male","Non_Hispanic_White",0.109856244964701,0.887420323966595,0.00106619807447541,0.00165723299422929
2014,1,"Male","Non_Hispanic_White",0.109965094406702,0.886416680380469,0.00140858122052362,0.00220964399230572
2015,1,"Male","Non_Hispanic_White",0.110073943848703,0.885413036794342,0.00175096436657182,0.00276205499038213
2016,1,"Male","Non_Hispanic_White",0.110182793290704,0.884409393208216,0.00209334751262003,0.00331446598845856
2017,1,"Male","Non_Hispanic_White",0.110291642732706,0.883405749622091,0.00243573065866823,0.00386687698653499
2018,1,"Male","Non_Hispanic_White",0.110400492174707,0.882402106035965,0.00277811380471644,0.00441928798461142
2019,1,"Male","Non_Hispanic_White",0.110509341616708,0.881398462449839,0.00312049695076465,0.00497169898268785
1975,2,"Male","Non_Hispanic_White",0.0405935368752348,0.95841615567352,0.00099030745124686,0
1976,2,"Male","Non_Hispanic_White",0.0415081411031668,0.957359553202347,0.00113230569448679,0
1977,2,"Male","Non_Hispanic_White",0.0424227453310986,0.956302950731174,0.00127430393772671,0
1978,2,"Male","Non_Hispanic_White",0.0433373495590304,0.955246348260002,0.00141630218096664,0
1979,2,"Male","Non_Hispanic_White",0.0442519537869622,0.954189745788832,0.00155830042420657,0
1980,2,"Male","Non_Hispanic_White",0.045166558014894,0.953133143317659,0.00170029866744649,0
1981,2,"Male","Non_Hispanic_White",0.0460811622428259,0.952076540846487,0.00184229691068642,0
1982,2,"Male","Non_Hispanic_White",0.0469957664707576,0.951019938375317,0.00198429515392635,0
1983,2,"Male","Non_Hispanic_White",0.0479103706986895,0.949963335904145,0.00212629339716627,0
1984,2,"Male","Non_Hispanic_White",0.0488249749266213,0.948906733432973,0.0022682916404062,0
1985,2,"Male","Non_Hispanic_White",0.0497395791545531,0.947850130961801,0.00241028988364613,0
1986,2,"Male","Non_Hispanic_White",0.0506541833824849,0.94679352849063,0.00255228812688605,0
1987,2,"Male","Non_Hispanic_White",0.0515687876104167,0.945736926019457,0.00269428637012598,0
1988,2,"Male","Non_Hispanic_White",0.0524833918383487,0.944680323548284,0.00283628461336591,0
1989,2,"Male","Non_Hispanic_White",0.0533979960662805,0.943623721077113,0.00297828285660584,0
1990,2,"Male","Non_Hispanic_White",0.0543126002942123,0.942567118605943,0.00312028109984577,0
1991,2,"Male","Non_Hispanic_White",0.0552272045221441,0.941510516134771,0.0032622793430857,0
1992,2,"Male","Non_Hispanic_White",0.0580070528636782,0.9390931432758,0.00289980386052062,0
1993,2,"Male","Non_Hispanic_White",0.0607869012052122,0.936675770416832,0.00253732837795554,0
1994,2,"Male","Non_Hispanic_White",0.0635667495467463,0.934258397557864,0.00217485289539046,0
1995,2,"Male","Non_Hispanic_White",0.0663465978882802,0.931841024698895,0.00181237741282538,0
1996,2,"Male","Non_Hispanic_White",0.0691264462298143,0.929423651839924,0.00144990193026031,0
1997,2,"Male","Non_Hispanic_White",0.0719062945713484,0.927006278980956,0.00108742644769523,0
1998,2,"Male","Non_Hispanic_White",0.0746861429128824,0.924588906121988,0.000724950965130155,0
1999,2,"Male","Non_Hispanic_White",0.0774659912544165,0.922171533263019,0.000362475482565077,0
2000,2,"Male","Non_Hispanic_White",0.0802458395959506,0.919754160404049,0,0
2001,2,"Male","Non_Hispanic_White",0.0831742253002252,0.916821869836142,3.90486363307905e-06,0
2002,2,"Male","Non_Hispanic_White",0.0861026110044999,0.913889579268233,7.8097272661581e-06,0
2003,2,"Male","Non_Hispanic_White",0.0890309967087745,0.910957288700326,1.17145908992371e-05,0
2004,2,"Male","Non_Hispanic_White",0.0919593824130491,0.908024998132418,1.56194545323162e-05,0
2005,2,"Male","Non_Hispanic_White",0.0948877681173238,0.905092707564512,1.95243181653952e-05,0
2006,2,"Male","Non_Hispanic_White",0.0978161538215986,0.902160416996604,2.34291817984743e-05,0
2007,2,"Male","Non_Hispanic_White",0.100744539525873,0.899228126428696,2.73340454315533e-05,0
2008,2,"Male","Non_Hispanic_White",0.103672925230148,0.896295835860789,3.12389090646324e-05,0
2009,2,"Male","Non_Hispanic_White",0.106601310934423,0.893363545292879,3.51437726977114e-05,0
2010,2,"Male","Non_Hispanic_White",0.109529696638697,0.890431254724972,3.90486363307905e-05,0
2011,2,"Male","Non_Hispanic_White",0.109638546080698,0.889427611138847,0.000381431782378996,0.000552410998076429
2012,2,"Male","Non_Hispanic_White",0.1097473955227,0.88842396755272,0.000723814928427202,0.00110482199615286
2013,2,"Male","Non_Hispanic_White",0.109856244964701,0.887420323966595,0.00106619807447541,0.00165723299422929
2014,2,"Male","Non_Hispanic_White",0.109965094406702,0.886416680380469,0.00140858122052362,0.00220964399230572
2015,2,"Male","Non_Hispanic_White",0.110073943848703,0.885413036794342,0.00175096436657182,0.00276205499038213
2016,2,"Male","Non_Hispanic_White",0.110182793290704,0.884409393208216,0.00209334751262003,0.00331446598845856
2017,2,"Male","Non_Hispanic_White",0.110291642732706,0.883405749622091,0.00243573065866823,0.00386687698653499
2018,2,"Male","Non_Hispanic_White",0.110400492174707,0.882402106035965,0.00277811380471644,0.00441928798461142
2019,2,"Male","Non_Hispanic_White",0.110509341616708,0.881398462449839,0.00312049695076465,0.00497169898268785
1975,3,"Male","Non_Hispanic_White",0.0508541440591019,0.948168655698737,0.000977200242160682,0
1976,3,"Male","Non_Hispanic_White",0.0521513445252701,0.946740715423437,0.0011079400512927,0
1977,3,"Male","Non_Hispanic_White",0.0534485449914383,0.945312775148137,0.00123867986042472,0
1978,3,"Male","Non_Hispanic_White",0.0547457454576065,0.943884834872836,0.00136941966955674,0
1979,3,"Male","Non_Hispanic_White",0.0560429459237747,0.942456894597536,0.00150015947868876,0
1980,3,"Male","Non_Hispanic_White",0.0573401463899429,0.941028954322237,0.00163089928782078,0
1981,3,"Male","Non_Hispanic_White",0.0586373468561111,0.939601014046936,0.0017616390969528,0
1982,3,"Male","Non_Hispanic_White",0.0599345473222793,0.938173073771635,0.00189237890608483,0
1983,3,"Male","Non_Hispanic_White",0.0612317477884475,0.936745133496336,0.00202311871521684,0
1984,3,"Male","Non_Hispanic_White",0.0625289482546158,0.935317193221036,0.00215385852434886,0
1985,3,"Male","Non_Hispanic_White",0.063826148720784,0.933889252945735,0.00228459833348088,0
1986,3,"Male","Non_Hispanic_White",0.0651233491869522,0.932461312670435,0.0024153381426129,0
1987,3,"Male","Non_Hispanic_White",0.0664205496531204,0.931033372395135,0.00254607795174492,0
1988,3,"Male","Non_Hispanic_White",0.0677177501192886,0.929605432119835,0.00267681776087694,0
1989,3,"Male","Non_Hispanic_White",0.0690149505854568,0.928177491844535,0.00280755757000896,0
1990,3,"Male","Non_Hispanic_White",0.070312151051625,0.926749551569233,0.00293829737914098,0
1991,3,"Male","Non_Hispanic_White",0.0716093515177933,0.925321611293934,0.003069037188273,0
1992,3,"Male","Non_Hispanic_White",0.0751627724153374,0.922109194528419,0.00272803305624267,0
1993,3,"Male","Non_Hispanic_White",0.0787161933128815,0.918896777762906,0.00238702892421233,0
1994,3,"Male","Non_Hispanic_White",0.0822696142104257,0.915684360997392,0.002046024792182,0
1995,3,"Male","Non_Hispanic_White",0.0858230351079699,0.912471944231879,0.00170502066015166,0
1996,3,"Male","Non_Hispanic_White",0.089376456005514,0.909259527466365,0.00136401652812133,0
1997,3,"Male","Non_Hispanic_White",0.0929298769030581,0.906047110700851,0.001023012396091,0
1998,3,"Male","Non_Hispanic_White",0.0964832978006023,0.902834693935336,0.000682008264060665,0
1999,3,"Male","Non_Hispanic_White",0.100036718698146,0.899622277169824,0.000341004132030333,0
2000,3,"Male","Non_Hispanic_White",0.103590139595691,0.89640986040431,0,0
2001,3,"Male","Non_Hispanic_White",0.106432833489267,0.893536037848659,3.11286620733006e-05,0
2002,3,"Male","Non_Hispanic_White",0.109275527382844,0.89066221529301,6.22573241466012e-05,0
2003,3,"Male","Non_Hispanic_White",0.11211822127642,0.887788392737361,9.33859862199018e-05,0
2004,3,"Male","Non_Hispanic_White",0.114960915169997,0.88491457018171,0.000124514648293202,0
2005,3,"Male","Non_Hispanic_White",0.117803609063574,0.882040747626058,0.000155643310366503,0
2006,3,"Male","Non_Hispanic_White",0.12064630295715,0.87916692507041,0.000186771972439804,0
2007,3,"Male","Non_Hispanic_White",0.123488996850727,0.87629310251476,0.000217900634513104,0
2008,3,"Male","Non_Hispanic_White",0.126331690744304,0.87341927995911,0.000249029296586405,0
2009,3,"Male","Non_Hispanic_White",0.12917438463788,0.87054545740346,0.000280157958659705,0
2010,3,"Male","Non_Hispanic_White",0.132017078531457,0.86767163484781,0.000311286620733006,0
2011,3,"Male","Non_Hispanic_White",0.131763407713645,0.866779437478127,0.000985519973011494,0.00047163483521591
2012,3,"Male","Non_Hispanic_White",0.131509736895834,0.865887240108444,0.00165975332528998,0.00094326967043182
2013,3,"Male","Non_Hispanic_White",0.131256066078022,0.864995042738761,0.00233398667756847,0.00141490450564773
2014,3,"Male","Non_Hispanic_White",0.131002395260211,0.864102845369079,0.00300822002984696,0.00188653934086364
2015,3,"Male","Non_Hispanic_White",0.130748724442399,0.863210647999397,0.00368245338212545,0.00235817417607955
2016,3,"Male","Non_Hispanic_White",0.130495053624587,0.862318450629713,0.00435668673440395,0.00282980901129546
2017,3,"Male","Non_Hispanic_White",0.130241382806776,0.86142625326003,0.00503092008668243,0.00330144384651138
2018,3,"Male","Non_Hispanic_White",0.129987711988964,0.860534055890347,0.00570515343896091,0.00377307868172727
2019,3,"Male","Non_Hispanic_White",0.129734041171153,0.859641858520664,0.0063793867912394,0.00424471351694318
1975,4,"Male","Non_Hispanic_White",0.0553543029402742,0.943176829259488,0.00104882440568147,0.00042004339455773
1976,4,"Male","Non_Hispanic_White",0.0575342071668214,0.940675299613298,0.00123043536047081,0.000560057859410308
1977,4,"Male","Non_Hispanic_White",0.0597141113933686,0.938173769967109,0.00141204631526016,0.000700072324262884
1978,4,"Male","Non_Hispanic_White",0.0618940156199158,0.935672240320919,0.00159365727004951,0.000840086789115462
1979,4,"Male","Non_Hispanic_White",0.0640739198464628,0.93317071067473,0.00177526822483885,0.000980101253968039
1980,4,"Male","Non_Hispanic_White",0.06625382407301,0.930669181028541,0.0019568791796282,0.00112011571882062
1981,4,"Male","Non_Hispanic_White",0.0684337282995572,0.928167651382352,0.00213849013441755,0.00126013018367319
1982,4,"Male","Non_Hispanic_White",0.0706136325261044,0.925666121736161,0.00232010108920689,0.00140014464852577
1983,4,"Male","Non_Hispanic_White",0.0727935367526515,0.923164592089974,0.00250171204399624,0.00154015911337835
1984,4,"Male","Non_Hispanic_White",0.0749734409791987,0.920663062443785,0.00268332299878558,0.00168017357823092
1985,4,"Male","Non_Hispanic_White",0.0771533452057458,0.918161532797596,0.00286493395357493,0.0018201880430835
1986,4,"Male","Non_Hispanic_White",0.079333249432293,0.915660003151406,0.00304654490836428,0.00196020250793608
1987,4,"Male","Non_Hispanic_White",0.0815131536588401,0.913158473505217,0.00322815586315362,0.00210021697278865
1988,4,"Male","Non_Hispanic_White",0.0836930578853873,0.910656943859027,0.00340976681794297,0.00224023143764123
1989,4,"Male","Non_Hispanic_White",0.0858729621119345,0.90815541421284,0.00359137777273232,0.00238024590249381
1990,4,"Male","Non_Hispanic_White",0.0880528663384817,0.905653884566651,0.00377298872752166,0.00252026036734639
1991,4,"Male","Non_Hispanic_White",0.0902327705650287,0.903152354920461,0.00395459968231101,0.00266027483219896
1992,4,"Male","Non_Hispanic_White",0.0960876244825914,0.897375174983969,0.00414731008554484,0.00238989044789485
1993,4,"Male","Non_Hispanic_White",0.101942478400154,0.891597995047476,0.00434002048877868,0.00211950606359075
1994,4,"Male","Non_Hispanic_White",0.107797332317716,0.885820815110985,0.00453273089201252,0.00184912167928664
1995,4,"Male","Non_Hispanic_White",0.113652186235279,0.880043635174493,0.00472544129524635,0.00157873729498253
1996,4,"Male","Non_Hispanic_White",0.119507040152841,0.874266455237999,0.00491815169848018,0.00130835291067842
1997,4,"Male","Non_Hispanic_White",0.125361894070404,0.868489275301508,0.00511086210171402,0.00103796852637431
1998,4,"Male","Non_Hispanic_White",0.131216747987967,0.862712095365016,0.00530357250494784,0.000767584142070199
1999,4,"Male","Non_Hispanic_White",0.137071601905529,0.856934915428523,0.00549628290818168,0.00049719975776609
2000,4,"Male","Non_Hispanic_White",0.142926455823092,0.851157735492031,0.00568899331141552,0.000226815373461981
2001,4,"Male","Non_Hispanic_White",0.144229077925867,0.850298730213179,0.00526805802483884,0.000204133836115783
2002,4,"Male","Non_Hispanic_White",0.145531700028641,0.849439724934326,0.00484712273826216,0.000181452298769585
2003,4,"Male","Non_Hispanic_White",0.146834322131416,0.848580719655475,0.00442618745168545,0.000158770761423387
2004,4,"Male","Non_Hispanic_White",0.148136944234191,0.847721714376622,0.00400525216510877,0.000136089224077189
2005,4,"Male","Non_Hispanic_White",0.149439566336966,0.846862709097772,0.00358431687853208,0.00011340768673099
2006,4,"Male","Non_Hispanic_White",0.150742188439741,0.846003703818919,0.0031633815919554,9.07261493847924e-05
2007,4,"Male","Non_Hispanic_White",0.152044810542516,0.845144698540066,0.00274244630537871,6.80446120385943e-05
2008,4,"Male","Non_Hispanic_White",0.15334743264529,0.844285693261215,0.00232151101880202,4.53630746923962e-05
2009,4,"Male","Non_Hispanic_White",0.154650054748066,0.843426687982364,0.00190057573222534,2.26815373461981e-05
2010,4,"Male","Non_Hispanic_White",0.15595267685084,0.84256768270351,0.00147964044564865,0
2011,4,"Male","Non_Hispanic_White",0.15597610873117,0.840859049765574,0.00277040370141594,0.000394437801840412
2012,4,"Male","Non_Hispanic_White",0.1559995406115,0.839150416827635,0.00406116695718323,0.000788875603680823
2013,4,"Male","Non_Hispanic_White",0.15602297249183,0.837441783889698,0.00535193021295051,0.00118331340552124
2014,4,"Male","Non_Hispanic_White",0.15604640437216,0.835733150951761,0.00664269346871781,0.00157775120736165
2015,4,"Male","Non_Hispanic_White",0.156069836252489,0.834024518013823,0.00793345672448509,0.00197218900920206
2016,4,"Male","Non_Hispanic_White",0.156093268132819,0.832315885075886,0.00922421998025238,0.00236662681104247
2017,4,"Male","Non_Hispanic_White",0.156116700013149,0.830607252137949,0.0105149832360197,0.00276106461288289
2018,4,"Male","Non_Hispanic_White",0.156140131893479,0.82889861920001,0.0118057464917869,0.00315550241472329
2019,4,"Male","Non_Hispanic_White",0.156163563773809,0.827189986262074,0.0130965097475543,0.00354994021656371
1975,5,"Male","Non_Hispanic_White",0.0810573026391348,0.915579113172639,0.00299140259585701,0.000372181592368966
1976,5,"Male","Non_Hispanic_White",0.0834254712561776,0.912864199798385,0.00321408682227959,0.000496242123158623
1977,5,"Male","Non_Hispanic_White",0.0857936398732206,0.910149286424129,0.00343677104870216,0.000620302653948278
1978,5,"Male","Non_Hispanic_White",0.0881618084902634,0.907434373049875,0.00365945527512474,0.000744363184737932
1979,5,"Male","Non_Hispanic_White",0.0905299771073063,0.90471945967562,0.00388213950154732,0.000868423715527589
1980,5,"Male","Non_Hispanic_White",0.0928981457243491,0.902004546301364,0.0041048237279699,0.000992484246317244
1981,5,"Male","Non_Hispanic_White",0.095266314341392,0.899289632927109,0.00432750795439248,0.0011165447771069
1982,5,"Male","Non_Hispanic_White",0.0976344829584347,0.896574719552853,0.00455019218081505,0.00124060530789656
1983,5,"Male","Non_Hispanic_White",0.100002651575478,0.893859806178598,0.00477287640723764,0.00136466583868621
1984,5,"Male","Non_Hispanic_White",0.10237082019252,0.891144892804343,0.00499556063366021,0.00148872636947587
1985,5,"Male","Non_Hispanic_White",0.104738988809563,0.888429979430088,0.00521824486008279,0.00161278690026552
1986,5,"Male","Non_Hispanic_White",0.107107157426606,0.885715066055832,0.00544092908650536,0.00173684743105518
1987,5,"Male","Non_Hispanic_White",0.109475326043649,0.883000152681578,0.00566361331292794,0.00186090796184484
1988,5,"Male","Non_Hispanic_White",0.111843494660692,0.880285239307324,0.00588629753935052,0.00198496849263448
1989,5,"Male","Non_Hispanic_White",0.114211663277735,0.877570325933068,0.0061089817657731,0.00210902902342414
1990,5,"Male","Non_Hispanic_White",0.116579831894778,0.874855412558813,0.00633166599219568,0.0022330895542138
1991,5,"Male","Non_Hispanic_White",0.118948000511821,0.872140499184558,0.00655435021861825,0.00235715008500345
1992,5,"Male","Non_Hispanic_White",0.123659824209181,0.867805012986439,0.00641610887473693,0.00211905392964255
1993,5,"Male","Non_Hispanic_White",0.128371647906541,0.863469526788322,0.00627786753085562,0.00188095777428164
1994,5,"Male","Non_Hispanic_White",0.133083471603901,0.859134040590205,0.0061396261869743,0.00164286161892073
1995,5,"Male","Non_Hispanic_White",0.137795295301261,0.854798554392087,0.00600138484309299,0.00140476546355982
1996,5,"Male","Non_Hispanic_White",0.142507118998621,0.850463068193968,0.00586314349921167,0.00116666930819891
1997,5,"Male","Non_Hispanic_White",0.147218942695981,0.846127581995851,0.00572490215533035,0.000928573152837999
1998,5,"Male","Non_Hispanic_White",0.151930766393341,0.841792095797733,0.00558666081144905,0.00069047699747709
1999,5,"Male","Non_Hispanic_White",0.156642590090701,0.837456609599617,0.00544841946756773,0.00045238084211618
2000,5,"Male","Non_Hispanic_White",0.161354413788061,0.833121123401498,0.00531017812368641,0.000214284686755271
2001,5,"Male","Non_Hispanic_White",0.162637179726809,0.831030905091265,0.00612404342368954,0.000207871758236557
2002,5,"Male","Non_Hispanic_White",0.163919945665558,0.828940686781032,0.00693790872369268,0.000201458829717844
2003,5,"Male","Non_Hispanic_White",0.165202711604307,0.826850468470798,0.0077517740236958,0.00019504590119913
2004,5,"Male","Non_Hispanic_White",0.166485477543056,0.824760250160564,0.00856563932369895,0.000188632972680416
2005,5,"Male","Non_Hispanic_White",0.167768243481804,0.82267003185033,0.00937950462370207,0.000182220044161703
2006,5,"Male","Non_Hispanic_White",0.169051009420553,0.820579813540098,0.0101933699237052,0.000175807115642989
2007,5,"Male","Non_Hispanic_White",0.170333775359302,0.818489595229867,0.0110072352237083,0.000169394187124276
2008,5,"Male","Non_Hispanic_White",0.171616541298051,0.816399376919633,0.0118211005237115,0.000162981258605562
2009,5,"Male","Non_Hispanic_White",0.172899307236799,0.8143091586094,0.0126349658237146,0.000156568330086848
2010,5,"Male","Non_Hispanic_White",0.174182073175548,0.812218940299167,0.0134488311237178,0.000150155401568135
2011,5,"Male","Non_Hispanic_White",0.175185742724718,0.809034445969217,0.0146826331727063,0.00109717813335946
2012,5,"Male","Non_Hispanic_White",0.176189412273888,0.805849951639266,0.0159164352216948,0.00204420086515079
2013,5,"Male","Non_Hispanic_White",0.177193081823058,0.802665457309317,0.0171502372706833,0.00299122359694212
2014,5,"Male","Non_Hispanic_White",0.178196751372228,0.799480962979367,0.0183840393196718,0.00393824632873345
2015,5,"Male","Non_Hispanic_White",0.179200420921398,0.796296468649416,0.0196178413686603,0.00488526906052478
2016,5,"Male","Non_Hispanic_White",0.180204090470568,0.793111974319468,0.0208516434176489,0.00583229179231611
2017,5,"Male","Non_Hispanic_White",0.181207760019738,0.789927479989518,0.0220854454666374,0.00677931452410744
2018,5,"Male","Non_Hispanic_White",0.182211429568908,0.786742985659568,0.0233192475156259,0.00772633725589876
2019,5,"Male","Non_Hispanic_White",0.183215099118078,0.783558491329618,0.0245530495646144,0.0086733599876901
1975,6,"Male","Non_Hispanic_White",0.105101590927155,0.890008178599949,0.00454682420763145,0.000343406265266036
1976,6,"Male","Non_Hispanic_White",0.107906771891401,0.886809240932407,0.00483157941068094,0.000452407765510161
1977,6,"Male","Non_Hispanic_White",0.110711952855648,0.883610303264868,0.00511633461373046,0.000561409265754285
1978,6,"Male","Non_Hispanic_White",0.113517133819894,0.880411365597327,0.00540108981677996,0.00067041076599841
1979,6,"Male","Non_Hispanic_White",0.116322314784141,0.877212427929788,0.00568584501982946,0.000779412266242534
1980,6,"Male","Non_Hispanic_White",0.119127495748387,0.874013490262247,0.00597060022287898,0.000888413766486661
1981,6,"Male","Non_Hispanic_White",0.121932676712634,0.870814552594707,0.00625535542592848,0.000997415266730784
1982,6,"Male","Non_Hispanic_White",0.124737857676881,0.867615614927167,0.00654011062897799,0.00110641676697491
1983,6,"Male","Non_Hispanic_White",0.127543038641127,0.864416677259626,0.00682486583202749,0.00121541826721903
1984,6,"Male","Non_Hispanic_White",0.130348219605374,0.861217739592086,0.007109621035077,0.00132441976746316
1985,6,"Male","Non_Hispanic_White",0.13315340056962,0.858018801924546,0.00739437623812651,0.00143342126770728
1986,6,"Male","Non_Hispanic_White",0.135958581533867,0.854819864257005,0.007679131441176,0.00154242276795141
1987,6,"Male","Non_Hispanic_White",0.138763762498113,0.851620926589466,0.00796388664422551,0.00165142426819553
1988,6,"Male","Non_Hispanic_White",0.14156894346236,0.848421988921926,0.00824864184727501,0.00176042576843966
1989,6,"Male","Non_Hispanic_White",0.144374124426607,0.845223051254385,0.00853339705032452,0.00186942726868379
1990,6,"Male","Non_Hispanic_White",0.147179305390853,0.842024113586845,0.00881815225337403,0.00197842876892791
1991,6,"Male","Non_Hispanic_White",0.1499844863551,0.838825175919305,0.00910290745642353,0.00208743026917203
1992,6,"Male","Non_Hispanic_White",0.154430586490674,0.834611740562203,0.00907255217860436,0.00188512076851879
1993,6,"Male","Non_Hispanic_White",0.158876686626249,0.8303983052051,0.00904219690078517,0.00168281126786556
1994,6,"Male","Non_Hispanic_White",0.163322786761823,0.826184869847998,0.00901184162296599,0.00148050176721232
1995,6,"Male","Non_Hispanic_White",0.167768886897398,0.821971434490897,0.00898148634514681,0.00127819226655909
1996,6,"Male","Non_Hispanic_White",0.172214987032972,0.817757999133794,0.00895113106732762,0.00107588276590585
1997,6,"Male","Non_Hispanic_White",0.176661087168547,0.813544563776692,0.00892077578950844,0.000873573265252614
1998,6,"Male","Non_Hispanic_White",0.181107187304122,0.809331128419591,0.00889042051168926,0.000671263764599378
1999,6,"Male","Non_Hispanic_White",0.185553287439696,0.805117693062488,0.00886006523387006,0.000468954263946141
2000,6,"Male","Non_Hispanic_White",0.189999387575271,0.800904257705386,0.00882970995605089,0.000266644763292905
2001,6,"Male","Non_Hispanic_White",0.191313029336638,0.798126878277642,0.0102977448716341,0.000262347514086465
2002,6,"Male","Non_Hispanic_White",0.192626671098005,0.795349498849897,0.0117657797872172,0.000258050264880026
2003,6,"Male","Non_Hispanic_White",0.193940312859372,0.792572119422155,0.0132338147028004,0.000253753015673586
2004,6,"Male","Non_Hispanic_White",0.195253954620739,0.78979473999441,0.0147018496183836,0.000249455766467146
2005,6,"Male","Non_Hispanic_White",0.196567596382106,0.787017360566667,0.0161698845339667,0.000245158517260706
2006,6,"Male","Non_Hispanic_White",0.197881238143474,0.784239981138922,0.0176379194495499,0.000240861268054266
2007,6,"Male","Non_Hispanic_White",0.199194879904841,0.781462601711177,0.0191059543651331,0.000236564018847826
2008,6,"Male","Non_Hispanic_White",0.200508521666208,0.778685222283435,0.0205739892807162,0.000232266769641386
2009,6,"Male","Non_Hispanic_White",0.201822163427575,0.77590784285569,0.0220420241962994,0.000227969520434947
2010,6,"Male","Non_Hispanic_White",0.203135805188942,0.773130463427946,0.0235100591118826,0.000223672271228507
2011,6,"Male","Non_Hispanic_White",0.203239613337929,0.77100946919378,0.0246235537606853,0.00112736370760564
2012,6,"Male","Non_Hispanic_White",0.203343421486915,0.768888474959614,0.0257370484094879,0.00203105514398278
2013,6,"Male","Non_Hispanic_White",0.203447229635902,0.766767480725447,0.0268505430582906,0.00293474658035991
2014,6,"Male","Non_Hispanic_White",0.203551037784888,0.76464648649128,0.0279640377070932,0.00383843801673706
2015,6,"Male","Non_Hispanic_White",0.203654845933875,0.762525492257116,0.0290775323558958,0.00474212945311419
2016,6,"Male","Non_Hispanic_White",0.203758654082861,0.76040449802295,0.0301910270046985,0.00564582088949133
2017,6,"Male","Non_Hispanic_White",0.203862462231848,0.758283503788783,0.0313045216535012,0.00654951232586846
2018,6,"Male","Non_Hispanic_White",0.203966270380834,0.756162509554617,0.0324180163023038,0.0074532037622456
2019,6,"Male","Non_Hispanic_White",0.204070078529821,0.754041515320451,0.0335315109511065,0.00835689519862274
1975,7,"Male","Non_Hispanic_White",0.138969551283963,0.850763427571964,0.00769933415865787,0.00256768698541479
1976,7,"Male","Non_Hispanic_White",0.141914057896666,0.847350547814324,0.00806732275423173,0.00266807153477913
1977,7,"Male","Non_Hispanic_White",0.144858564509368,0.843937668056683,0.00843531134980562,0.00276845608414347
1978,7,"Male","Non_Hispanic_White",0.147803071122071,0.840524788299042,0.0088032999453795,0.00286884063350781
1979,7,"Male","Non_Hispanic_White",0.150747577734773,0.837111908541402,0.00917128854095338,0.00296922518287215
1980,7,"Male","Non_Hispanic_White",0.153692084347475,0.833699028783761,0.00953927713652727,0.0030696097322365
1981,7,"Male","Non_Hispanic_White",0.156636590960178,0.830286149026121,0.00990726573210116,0.00316999428160084
1982,7,"Male","Non_Hispanic_White",0.15958109757288,0.82687326926848,0.010275254327675,0.00327037883096518
1983,7,"Male","Non_Hispanic_White",0.162525604185582,0.823460389510839,0.0106432429232489,0.00337076338032952
1984,7,"Male","Non_Hispanic_White",0.165470110798285,0.820047509753199,0.0110112315188228,0.00347114792969386
1985,7,"Male","Non_Hispanic_White",0.168414617410987,0.816634629995558,0.0113792201143967,0.0035715324790582
1986,7,"Male","Non_Hispanic_White",0.171359124023689,0.813221750237918,0.0117472087099706,0.00367191702842254
1987,7,"Male","Non_Hispanic_White",0.174303630636392,0.809808870480277,0.0121151973055444,0.00377230157778689
1988,7,"Male","Non_Hispanic_White",0.177248137249094,0.806395990722636,0.0124831859011183,0.00387268612715123
1989,7,"Male","Non_Hispanic_White",0.180192643861796,0.802983110964995,0.0128511744966922,0.00397307067651557
1990,7,"Male","Non_Hispanic_White",0.183137150474499,0.799570231207355,0.0132191630922661,0.0040734552258799
1991,7,"Male","Non_Hispanic_White",0.186081657087201,0.796157351449714,0.01358715168784,0.00417383977524425
1992,7,"Male","Non_Hispanic_White",0.191076322297788,0.791642249783198,0.0135240430052757,0.003757384913737
1993,7,"Male","Non_Hispanic_White",0.196070987508376,0.787127148116684,0.0134609343227114,0.00334093005222975
1994,7,"Male","Non_Hispanic_White",0.201065652718963,0.782612046450167,0.0133978256401472,0.0029244751907225
1995,7,"Male","Non_Hispanic_White",0.206060317929551,0.778096944783652,0.0133347169575829,0.00250802032921524
1996,7,"Male","Non_Hispanic_White",0.211054983140138,0.773581843117135,0.0132716082750186,0.00209156546770799
1997,7,"Male","Non_Hispanic_White",0.216049648350726,0.76906674145062,0.0132084995924543,0.00167511060620074
1998,7,"Male","Non_Hispanic_White",0.221044313561313,0.764551639784104,0.01314539090989,0.00125865574469349
1999,7,"Male","Non_Hispanic_White",0.2260389787719,0.760036538117588,0.0130822822273258,0.000842200883186239
2000,7,"Male","Non_Hispanic_White",0.231033643982488,0.755521436451072,0.0130191735447615,0.000425746021678988
2001,7,"Male","Non_Hispanic_White",0.232861015761623,0.75148762595241,0.0152160567604492,0.000435301525519325
2002,7,"Male","Non_Hispanic_White",0.234688387540758,0.747453815453746,0.017412939976137,0.000444857029359662
2003,7,"Male","Non_Hispanic_White",0.236515759319894,0.743420004955081,0.0196098231918247,0.000454412533199998
2004,7,"Male","Non_Hispanic_White",0.238343131099029,0.739386194456418,0.0218067064075125,0.000463968037040335
2005,7,"Male","Non_Hispanic_White",0.240170502878164,0.735352383957755,0.0240035896232003,0.000473523540880672
2006,7,"Male","Non_Hispanic_White",0.2419978746573,0.731318573459091,0.026200472838888,0.00048307904472101
2007,7,"Male","Non_Hispanic_White",0.243825246436435,0.727284762960427,0.0283973560545758,0.000492634548561347
2008,7,"Male","Non_Hispanic_White",0.245652618215571,0.723250952461764,0.0305942392702635,0.000502190052401684
2009,7,"Male","Non_Hispanic_White",0.247479989994706,0.7192171419631,0.0327911224859513,0.000511745556242021
2010,7,"Male","Non_Hispanic_White",0.249307361773841,0.715183331464438,0.034988005701639,0.000521301060082357
2011,7,"Male","Non_Hispanic_White",0.247706819190335,0.714132877343474,0.0361940655323548,0.00196623793383603
2012,7,"Male","Non_Hispanic_White",0.246106276606828,0.713082423222511,0.0374001253630707,0.00341117480758969
2013,7,"Male","Non_Hispanic_White",0.244505734023321,0.712031969101549,0.0386061851937865,0.00485611168134337
2014,7,"Male","Non_Hispanic_White",0.242905191439815,0.710981514980586,0.0398122450245024,0.00630104855509704
2015,7,"Male","Non_Hispanic_White",0.241304648856308,0.709931060859623,0.0410183048552182,0.00774598542885072
2016,7,"Male","Non_Hispanic_White",0.239704106272802,0.708880606738659,0.0422243646859341,0.00919092230260439
2017,7,"Male","Non_Hispanic_White",0.238103563689295,0.707830152617697,0.0434304245166498,0.0106358591763581
2018,7,"Male","Non_Hispanic_White",0.236503021105788,0.706779698496735,0.0446364843473658,0.0120807960501117
2019,7,"Male","Non_Hispanic_White",0.234902478522282,0.70572924437577,0.0458425441780815,0.0135257329238654
1975,8,"Male","Non_Hispanic_White",0.190242221251255,0.793494066403367,0.0125988441857228,0.00366486815965621
1976,8,"Male","Non_Hispanic_White",0.194063774763694,0.78907360542122,0.0131515248812425,0.0037110949338432
1977,8,"Male","Non_Hispanic_White",0.197885328276133,0.784653144439075,0.0137042055767621,0.00375732170803019
1978,8,"Male","Non_Hispanic_White",0.201706881788573,0.780232683456929,0.0142568862722818,0.00380354848221719
1979,8,"Male","Non_Hispanic_White",0.205528435301012,0.775812222474783,0.0148095669678014,0.00384977525640417
1980,8,"Male","Non_Hispanic_White",0.209349988813451,0.771391761492637,0.0153622476633211,0.00389600203059117
1981,8,"Male","Non_Hispanic_White",0.21317154232589,0.766971300510491,0.0159149283588408,0.00394222880477816
1982,8,"Male","Non_Hispanic_White",0.21699309583833,0.762550839528345,0.0164676090543604,0.00398845557896515
1983,8,"Male","Non_Hispanic_White",0.220814649350769,0.758130378546198,0.0170202897498801,0.00403468235315214
1984,8,"Male","Non_Hispanic_White",0.224636202863208,0.753709917564052,0.0175729704453997,0.00408090912733914
1985,8,"Male","Non_Hispanic_White",0.228457756375647,0.749289456581907,0.0181256511409194,0.00412713590152613
1986,8,"Male","Non_Hispanic_White",0.232279309888086,0.74486899559976,0.0186783318364391,0.00417336267571311
1987,8,"Male","Non_Hispanic_White",0.236100863400526,0.740448534617616,0.0192310125319587,0.00421958944990011
1988,8,"Male","Non_Hispanic_White",0.239922416912965,0.736028073635469,0.0197836932274784,0.0042658162240871
1989,8,"Male","Non_Hispanic_White",0.243743970425404,0.731607612653324,0.020336373922998,0.0043120429982741
1990,8,"Male","Non_Hispanic_White",0.247565523937844,0.727187151671177,0.0208890546185177,0.00435826977246109
1991,8,"Male","Non_Hispanic_White",0.251387077450283,0.722766690689032,0.0214417353140374,0.00440449654664808
1992,8,"Male","Non_Hispanic_White",0.255584688824841,0.718277452072394,0.0214903348053535,0.00464752429741116
1993,8,"Male","Non_Hispanic_White",0.259782300199399,0.713788213455758,0.0215389342966697,0.00489055204817422
1994,8,"Male","Non_Hispanic_White",0.263979911573957,0.70929897483912,0.0215875337879859,0.00513357979893729
1995,8,"Male","Non_Hispanic_White",0.268177522948515,0.704809736222483,0.0216361332793021,0.00537660754970036
1996,8,"Male","Non_Hispanic_White",0.272375134323074,0.700320497605845,0.0216847327706183,0.00561963530046343
1997,8,"Male","Non_Hispanic_White",0.276572745697632,0.695831258989207,0.0217333322619344,0.0058626630512265
