"BMI_9","BMI_10","BMI_11","BMI_12","BMI_13","BMI_14","BMI_15","BMI_16","BMI_17","BMI_18","BMI_19","BMI_20","BMI_21","BMI_22","BMI_23","BMI_24","BMI_25","BMI_26","BMI_27","BMI_28","BMI_29","BMI_30","BMI_31","BMI_32","BMI_33","BMI_34","BMI_35","BMI_36","BMI_37","BMI_38","BMI_39","BMI_40","BMI_41","BMI_42","BMI_43","BMI_44","BMI_45","BMI_46","BMI_47","BMI_48","BMI_49","BMI_50","BMI_51","BMI_52","BMI_53","BMI_54","BMI_55","BMI_56","BMI_57","BMI_58","BMI_59","BMI_60","BMI_61","BMI_62","BMI_63","BMI_64","BMI_65","BMI_66","BMI_67","BMI_68","BMI_69","BMI_70","BMI_71","BMI_72","BMI_73"
"Age_2",6.35612351622947e-05,0.000960405898373721,0.00581328390599271,0.021171072813154,0.0697291126178353,0.172690876935747,0.258035471835344,0.223220779055756,0.1238590256131,0.0600970181428895,0.0312265040877922,0.0134883265873071,0.0073443592713638,0.00472599045734008,0.00306409165873073,0.00191379433944563,0.00095718224872422,0.000459681095348979,0.000473458368193735,0.000481466498147137,0.000209546578253992,1.49907559974146e-05,0,0,0,0,0,0,0,0,0,0,0,0,0,0,0,0,0,0,0,0,0,0,0,0,0,0,0,0,0,0,0,0,0,0,0,0,0,0,0,0,0,0,0
"Age_3",5.28137839062476e-05,0.000825447408446114,0.0050355027137867,0.0202952204400129,0.0741408077620892,0.178826987402981,0.251983337061658,0.215668257369613,0.12374794274873,0.0590879116850635,0.0294420148750343,0.01335631967967,0.00752599302083394,0.00445842235936882,0.00465289908349852,0.00463736742846276,0.0025777301023083,0.00123896376236502,0.000737933969945597,0.000403813276479552,0.000163010738996785,9.97555371286733e-06,1.66468983648778e-07,1.28332033267192e-05,0.00027623385380025,0.000663930250220198,0.000178163996706198,0,0,0,0,0,0,0,0,0,0,0,0,0,0,0,0,0,0,0,0,0,0,0,0,0,0,0,0,0,0,0,0,0,0,0,0,0,0
"Age_4",3.68356272317558e-05,0.000656203689409287,0.00427803364011048,0.0182465381835237,0.071313249457011,0.177854333336364,0.252436587326419,0.21288581546739,0.121924906158126,0.0586367526495142,0.0300956053858353,0.015681099119476,0.0102057969063832,0.00590988052218781,0.00449732369545362,0.00425060595277737,0.00352313769538674,0.00234752266751195,0.00130386838466036,0.00115612336355341,0.00062304434200125,0.000135443063374091,0.000458826515747827,0.000471577410414737,0.000314335561758032,0.000586908404658943,0.000169645473720781,0,0,0,0,0,0,0,0,0,0,0,0,0,0,0,0,0,0,0,0,0,0,0,0,0,0,0,0,0,0,0,0,0,0,0,0,0,0
"Age_5",2.36474490722097e-05,0.000492969627569965,0.0035146498572819,0.0159711266717022,0.0670729488745341,0.174836787725611,0.251132824753337,0.204792086623875,0.116298892696701,0.0635229914516548,0.0378245947568668,0.0209660225596937,0.0129592044809252,0.00701308520782783,0.00494165152237746,0.00493865849582618,0.00428647406938282,0.00298604111657072,0.00169803928752515,0.00140790042255552,0.000752445895153868,0.000507852397097701,0.000665334599354809,0.000441387463279554,0.000273946878756193,0.00053148756996107,0.000146947545506649,0,0,0,0,0,0,0,0,0,0,0,0,0,0,0,0,0,0,0,0,0,0,0,0,0,0,0,0,0,0,0,0,0,0,0,0,0,0
"Age_6",1.88705213999402e-05,0.000365918273608997,0.0029875297970406,0.0178818781950277,0.0721340620287435,0.169544704693769,0.237817640483746,0.195708658262717,0.113828419142677,0.0615801598083823,0.0378752514952272,0.0256202600487933,0.0194600814332301,0.0115406797709118,0.00859998772244574,0.00683138220333527,0.00516173292488327,0.00367995021947989,0.0024334074765969,0.00177162576662201,0.0013001254663347,0.0010030792205616,0.000730666922235558,0.000488997032277836,0.000551038930484813,0.000738369031551436,0.000310776222007068,3.47469059098455e-05,0,0,0,0,0,0,0,0,0,0,0,0,0,0,0,0,0,0,0,0,0,0,0,0,0,0,0,0,0,0,0,0,0,0,0,0,0
"Age_7",2.91630651871574e-05,0.000458029652840395,0.00361598955019959,0.0184256893464534,0.066534698570645,0.148701609448605,0.207007930736228,0.182777852800092,0.121585763578126,0.073422805799942,0.0449753035434736,0.0316550885365035,0.024871895800143,0.0185617341885886,0.0154469872645623,0.0121196805326841,0.00869937089975348,0.00576824396726458,0.00368752677747402,0.00252130314778396,0.00189659327801844,0.00175832807086892,0.00162310867446108,0.00136254475596136,0.001000391831408,0.00084725380873489,0.000489856222097554,0.000137434807679935,1.78213442199988e-05,0,0,0,0,0,0,0,0,0,0,0,0,0,0,0,0,0,0,0,0,0,0,0,0,0,0,0,0,0,0,0,0,0,0,0,0
"Age_8",0.000178151486328345,0.00119416358203007,0.00578632557568942,0.0216329245161575,0.0627594357706525,0.126233484110679,0.168940691872762,0.158324610376638,0.119667823348877,0.0835823643295599,0.0598946523717313,0.0458494994096846,0.0360593377434943,0.0276549210265488,0.0201864683529163,0.0145633405066932,0.0106040955529567,0.00828713581946412,0.00787436340708591,0.0066972151760931,0.00409309886896549,0.00259735999412652,0.00200876379933929,0.00168783544676647,0.00132669809992011,0.00105371873360942,0.000739368009121356,0.000371431510053055,0.000123759702553613,2.69614995028678e-05,0,0,0,0,0,0,0,0,0,0,0,0,0,0,0,0,0,0,0,0,0,0,0,0,0,0,0,0,0,0,0,0,0,0,0
"Age_9",0.000712594961292019,0.00265410697765227,0.00884612392741356,0.0254048327678646,0.0583950760470774,0.101939417571137,0.133622704049405,0.135573201179464,0.114804353428134,0.090167116796531,0.0715564302269835,0.0581164628805249,0.0463029734714892,0.0352874781441711,0.0260876227839291,0.019246165030752,0.0146432853598276,0.012042941316033,0.0105753775972109,0.00886529765272608,0.00659858580135439,0.00456920832282129,0.00325319477980122,0.00245389837472147,0.00185779921121869,0.00137028965770665,0.00101437354162053,0.000858356903858402,0.000906105289820036,0.000907116025196045,0.000671465297565085,0.000372507605220425,0.000184546800210664,8.46777586384026e-05,3.77857656976733e-05,1.30426791768371e-05,3.48401575396673e-06,0,0,0,0,0,0,0,0,0,0,0,0,0,0,0,0,0,0,0,0,0,0,0,0,0,0,0,0
"Age_10",0.00126776223192703,0.0041555781037049,0.0114316626195592,0.0260842817638993,0.049059173535401,0.0760715482446096,0.098160616569978,0.107772131593001,0.104510607674582,0.0938900861881484,0.0814400525918146,0.0693883870165876,0.0577766396410022,0.0465984638785389,0.0364386487860297,0.0280213624385696,0.0217539527597291,0.0175056089789302,0.0146067810416637,0.0122493848402625,0.0100178642488219,0.00794384505102169,0.00614299446940121,0.00462920641909923,0.00339563315263141,0.00245417388720389,0.00180174365831174,0.00140732764118719,0.00118733199134094,0.00100921280454218,0.000781219780864139,0.000519307384654676,0.00029363993561053,0.000143529434974902,6.15622271187968e-05,2.1447087297039e-05,7.23032797918653e-06,0,0,0,0,0,0,0,0,0,0,0,0,0,0,0,0,0,0,0,0,0,0,0,0,0,0,0,0
"Age_11",0.00188330210641991,0.00512871082746654,0.0119670272441041,0.0239301567185758,0.0410755106819536,0.060853498690613,0.0786744589728129,0.0903115454182911,0.0941875014458312,0.0914711793582579,0.0844742256337904,0.0750819675201138,0.0645684800388555,0.0539395456943802,0.0440625838032259,0.0355185990261791,0.0285149298902007,0.0229521672739756,0.0185517545874261,0.0150093205053756,0.0120945058855129,0.00968868991687397,0.00774154110213309,0.00620256641411904,0.00499608219933603,0.00403199459663681,0.00324006026176878,0.0025846355964222,0.00204010522538243,0.00157055899165096,0.0011457667338369,0.000766487774805509,0.00045890183753209,0.000242825370984548,0.000112927457806352,4.61892365319009e-05,1.5266522320683e-05,6.05615575778021e-06,5.41385052788598e-06,1.16585840346856e-05,2.6639184974449e-05,5.23653152404661e-05,8.66551683596686e-05,0.000120543387262451,0.000140964893903557,0.000138564616489091,0.000114419619684531,7.94423896597006e-05,4.63530131112518e-05,2.27356108181888e-05,9.36774045070084e-06,3.24990822269151e-06,0,0,0,0,0,0,0,0,0,0,0,0,0
"Age_12",0.000825324290800384,0.00202981053402605,0.00450334467697583,0.00905603992350332,0.016567265883066,0.0275871304452854,0.0418427481787579,0.0579297810979945,0.0735282958754429,0.0861316646039114,0.0937968601685318,0.095474678563036,0.091039189028771,0.081273118525307,0.0679526623318897,0.0535281505155529,0.04034726539433,0.0298668931048074,0.0224433992224462,0.0176481150504813,0.0147434546269515,0.0129391358666679,0.0115445678460579,0.0101014292401645,0.00846831718307634,0.00675561911286215,0.00517021583376896,0.00388960386816045,0.00299842596242535,0.00245795047422153,0.002116530033022,0.00179417448914656,0.00139565850493788,0.000951048746665614,0.000554144767675896,0.000272910394470238,0.000113160010184925,3.99338936859389e-05,2.97326922899228e-06,5.44983580218632e-06,1.12555146500595e-05,2.06168307338388e-05,3.24314214353018e-05,4.36523690144488e-05,5.02337014145597e-05,4.94621909288088e-05,4.16447269527374e-05,2.99915646411292e-05,1.84703828322534e-05,9.73184783477814e-06,4.37866169545469e-06,1.68941377299918e-06,0,0,0,0,0,0,0,0,0,0,0,0,0
"Age_13",0.000394966153602579,0.00108158748398562,0.00263925142699318,0.00581984525927191,0.0116938834160126,0.0213869543500079,0.035409197865093,0.0528746328903344,0.071330572445234,0.0875244570845714,0.0985376218711501,0.102429806262167,0.0984400999641886,0.087274028926744,0.0714461774092095,0.0546505325617954,0.0401690546254984,0.0294909563078745,0.022338304325953,0.0177673837010222,0.0150136241864637,0.0134422271118155,0.0122762282245924,0.0108194810468907,0.00888945419346443,0.00679450149928345,0.00493459938426691,0.00353329587750878,0.00264699174868153,0.00219807003436871,0.00196873586737026,0.00170271399717756,0.0012878847873385,0.000809259263428055,0.00041458413907042,0.000173159690895285,5.9880524288423e-05,7.59946086023438e-06,4.61380327324412e-06,6.12336146325888e-06,1.16238744052712e-05,2.09620183109946e-05,3.28442825014837e-05,4.41369367777637e-05,5.07626886210108e-05,4.99863554412089e-05,4.21156505214143e-05,3.03716056410786e-05,1.87468726288365e-05,9.89987856087675e-06,4.47760749273552e-06,1.72969588680703e-06,0,0,0,0,0,0,0,0,0,0,0,0,0
"Age_14",0.000355112223539849,0.000977438486108902,0.00241088487121846,0.00536793615880595,0.0108147619108866,0.0196923980765245,0.0323178381109296,0.0478947947009753,0.0645136067434445,0.0797104348394629,0.0911105371391681,0.0967877590657676,0.0956324970888907,0.0878235885514827,0.075038104806077,0.0600404390100199,0.0456060120050363,0.0335812639274691,0.024609450126142,0.0185172489759648,0.0148059424020551,0.0127995690725341,0.0116829506408189,0.0107292708879187,0.00957143865871206,0.0082359244340473,0.00689939471824935,0.0056719214853791,0.00457293047806401,0.00360382628393377,0.0027661978122645,0.00203980854829098,0.00140873655166903,0.000904727455875093,0.000601301493887565,0.000567713120093786,0.000822521490381193,0.00127943707294657,0.00172988419001376,0.001923153559175,0.00173888451548376,0.00127956398675219,0.000774199419936465,0.000397315552203626,0.000186765077504446,9.24402502532812e-05,4.30842946167557e-05,3.11763038850298e-05,1.95593343881023e-05,1.06011684655362e-05,4.96002863396684e-06,1.99703496184385e-06,6.95858690216792e-07,0,0,0,0,0,0,0,0,0,0,0,0
"Age_15",0.000306219722901842,0.000846065557158685,0.00209935143438356,0.00471469810769491,0.00960526530762862,0.0177023958834958,0.0294198154452535,0.0441494322169119,0.0601733669685159,0.0751960719306413,0.0869489694238518,0.093594584627324,0.0939498900560346,0.0879365660822207,0.0768699044316706,0.0630922497807726,0.0491504972588794,0.0369500139448252,0.0274731068136852,0.0209172835124861,0.0169677886573005,0.0149123072407826,0.0137763030252158,0.0126755940139011,0.0111778520911189,0.00936139134547839,0.00753730607329341,0.00594189116163817,0.00464013806345203,0.00359986009440069,0.00276227881198817,0.00206832782021075,0.00148261863503366,0.00102011574889261,0.00073618592459917,0.000685325246183402,0.000877312240806245,0.00123607210888221,0.00158459122512362,0.00171895165343023,0.0015427918022477,0.00114174585903016,0.00070243155675344,0.000370622676611018,0.000180657923627372,9.2245338605214e-05,4.35434245624091e-05,3.10773518921674e-05,1.92836556593445e-05,1.03274960880584e-05,4.77187998941252e-06,1.89453000589772e-06,6.4681686024929e-07,0,0,0,0,0,0,0,0,0,0,0,0
"Age_16",0.00010964206910056,0.000343281424905525,0.00100458289425485,0.00267034306946065,0.00630434078414964,0.0130715754386964,0.0237921329509749,0.0382639397689927,0.0550077097782098,0.0717145647573097,0.0859219861779007,0.0953880891820424,0.0983564236534136,0.0941051024845921,0.0835464423442615,0.0690781038104364,0.0535995426625985,0.0394761715911608,0.0281247695527549,0.0201083360523309,0.0153247873242561,0.013117066419644,0.012412838884072,0.012042817850625,0.0112066128638224,0.00974190206396072,0.00795959569087116,0.00624462900119833,0.00481049345866341,0.00371024845923143,0.00292659413001971,0.00240860292856621,0.0020809701844825,0.00185501403493015,0.00165982193575801,0.00149584096177933,0.00144630695134388,0.00157065544537105,0.00177394371352359,0.00183980887808165,0.0016243309894023,0.00119012218412851,0.000729399093268553,0.00038976971999054,0.000198385452150442,0.000107775828786671,5.82051217595108e-05,3.92907802267035e-05,2.39569594094332e-05,1.30710346045049e-05,6.33472035289554e-06,2.70710964220283e-06,1.0193785309522e-06,0,0,0,0,0,0,0,0,0,0,0,0
"Age_17",5.17707386593746e-05,0.000217612652447198,0.000647548500083589,0.00179838998876094,0.00449624662612626,0.00993010056561734,0.0192408819476374,0.0327672274517032,0.0495577064192315,0.0674914190985833,0.0838085156115292,0.0954927022643608,0.100012393498215,0.0965131543060887,0.0864299104229615,0.0724825637671763,0.0572533067762673,0.0427399279411403,0.030529619908056,0.0217305999644403,0.016580473255001,0.0143095248298379,0.0134805749816747,0.0127452401990579,0.0114574901169127,0.00972153808981951,0.00793587725911783,0.00635772168572978,0.00503805497322053,0.00397724832833903,0.00318984347707997,0.00265977007886419,0.00232196975666356,0.00208189713539758,0.00184993722957516,0.00162133258428179,0.00151461271160231,0.00163532785995254,0.00188189946798105,0.00197574567835064,0.00172928872958952,0.00122867124491144,0.000717638306993491,0.000364460678206386,0.000181187240363778,0.00010082354966707,5.948126719802e-05,4.05298905646263e-05,2.50840863200877e-05,1.3953922645701e-05,6.93899482123586e-06,3.06585355824171e-06,1.19808761495364e-06,0,0,0,0,0,0,0,0,0,0,0,0
"Age_18",3.43622365895406e-05,8.71170840568706e-05,0.000324199901250781,0.000944706806922924,0.00260975862860133,0.0065034846795632,0.0141980874789805,0.0268443013392247,0.044209572864634,0.0641600132450073,0.082980822007885,0.096291392537281,0.100825724947951,0.0963833637036324,0.0857181977422491,0.0722473449087234,0.0581950446846322,0.0448094474553083,0.0332906357369859,0.0248432840792034,0.01996428038812,0.0178934877845076,0.0169714321298805,0.0157280722259242,0.0136664626982621,0.0111374826817512,0.0086834802829921,0.00656965434026864,0.00478821654635773,0.00332329153570314,0.00227932672600674,0.0017663984582101,0.0017508456617163,0.00202107855698021,0.00228552680738208,0.00235738704519864,0.00228600259459138,0.00225007720677809,0.00228706234407585,0.00220653227808736,0.00183408560285751,0.00124712743371538,0.000687449359987872,0.000315434232165846,0.000129220731538868,3.56004361381798e-05,1.92855172171109e-05,9.31821257428732e-06,3.99823431909661e-06,1.51987800903357e-06,0,0,0,0,0,0,0,0,0,0,0,0,0,0,0
"Age_19",9.11718525997887e-05,0.000277692583163827,0.000772513541332505,0.00193762593443027,0.0043612841133761,0.00880831849574234,0.0160513281871853,0.026570995999903,0.0401712889642175,0.0556141473163976,0.0705465780856121,0.0820959450671984,0.0880039777286069,0.0876022912438092,0.0818493811515829,0.072548536805119,0.0615507418187956,0.0504803602676916,0.0406966246228611,0.0331004231649182,0.0278650716642698,0.0244027053635199,0.0217208909303615,0.0189703103135747,0.0158308214351492,0.0125058840366853,0.00941454278271748,0.00687122380810734,0.00496903032474044,0.00365964072049768,0.00287412610681008,0.00254890976314791,0.00256933914696025,0.00274421810634119,0.0028712032943401,0.00284500447976977,0.00269453475505412,0.0025066830687372,0.00231421324258926,0.00206700167593564,0.00170903723228063,0.00126033643112492,0.000812151061985461,0.000455430689738102,0.000224564395614562,9.9808532672263e-05,4.14939762475828e-05,1.16779068603593e-05,5.57878680872615e-06,2.40604134777089e-06,9.32981467118516e-07,0,0,0,0,0,0,0,0,0,0,0,0,0,0
"Age_20",0.000106360934712074,0.000307122859066085,0.000822224306965317,0.00200403464072652,0.00441182967983172,0.00874467438863743,0.0156564220389726,0.0254860724293308,0.0379919943032414,0.052140790980134,0.0660526974918774,0.0773533688934528,0.0839452508961261,0.0848342243189611,0.0804385253976128,0.0722342083152375,0.0620952148233193,0.0518292661712054,0.0428460316774967,0.0358753087704817,0.0308386191965038,0.0270619966628161,0.0237272726549191,0.0203042564894538,0.0167305742877772,0.0132895082518653,0.0103222121429354,0.00798924649571586,0.00622973829538939,0.00489616142931446,0.00391474584227212,0.0032954394122933,0.00302301057786452,0.00297593849437745,0.00297069379955895,0.00288282724053617,0.00270758960263518,0.00250465769107792,0.0022973466893881,0.00204074218751073,0.00168633267037728,0.00125281168703726,0.000823177313379416,0.000480729286948843,0.00025740726749467,0.000134699470807235,7.46932571557644e-05,3.99724027531571e-05,2.83956064789997e-05,1.89903745213745e-05,1.18186007147929e-05,6.77718747218345e-06,3.55763477532005e-06,1.69939461592663e-06,7.37083874619082e-07,0,0,0,0,0,0,0,0,0,0
"Age_21",0.00011029944422328,0.000321419051664135,0.000855125202704983,0.00206090833869245,0.00449046474751871,0.00884665660774592,0.0157971670728743,0.025658050701459,0.038090310660158,0.0518966209362302,0.065159140278247,0.0757225578477492,0.0818436670815963,0.0828328416959065,0.0791098666084042,0.0719195446108835,0.0628941633739119,0.0536250034397266,0.0453690644216203,0.0387967457030817,0.0338634000047719,0.029956361992708,0.0262750970933531,0.0222866184633078,0.0179641203704376,0.0137012934955675,0.0100008468742318,0.00717678786547604,0.00524947466606226,0.00404809423944756,0.00336511980117578,0.00303981635035718,0.0029414190677936,0.00292173760374049,0.00282372767736938,0.00254523266088177,0.00208680728245494,0.00154218548397878,0.00103081289035572,0.00063453936921155,0.000374272195920248,0.000224766784194778,0.000146357456854251,0.000105382083802666,7.83284239118571e-05,6.33712202211926e-05,4.97629512371345e-05,3.75014916885957e-05,2.67639363300308e-05,1.78554995699137e-05,1.10076981671069e-05,6.21165455704858e-06,3.19482536259697e-06,1.48690408307724e-06,6.25797018654357e-07,0,0,0,0,0,0,0,0,0,0
"Age_22",0.000322589104796247,0.00076019684549287,0.00165455036222537,0.00333226810849014,0.00621338916070248,0.01075119693203,0.0173042562871827,0.0259538709817586,0.0363481605205539,0.0476431171174423,0.0585859141632427,0.067764813974975,0.0739602428164597,0.0764366728242792,0.0751102357629974,0.0705573225802065,0.0638199975911544,0.05610413984525,0.0484783931348995,0.0416446692201608,0.0358509509270211,0.0309754234357394,0.0267162245192424,0.0227961248002737,0.0190927945565325,0.0156478603042955,0.0125886093621029,0.0100264788581822,0.00799741547209795,0.00646055860202592,0.00532876625196111,0.00450135977631336,0.0038805082886802,0.00337704138494278,0.00291667460362335,0.00245206541958768,0.00197238929334155,0.00149969341859306,0.00107223179620739,0.000722928989421065,0.000465665021172343,0.000293924715721438,0.000188334366056241,0.000126679461273912,9.05357555861456e-05,6.07965015868175e-05,4.89258531401858e-05,3.73052162638314e-05,2.66616756925443e-05,1.76494790597083e-05,1.07088649586726e-05,5.91152730189105e-06,2.94790592484168e-06,1.32249144935188e-06,5.33770327216892e-07,0,0,0,0,0,0,0,0,0,0
"Age_23",0.000704361893141913,0.00141023063985146,0.00265725404714357,0.00471915511800885,0.00790336531411083,0.0124864831708453,0.0186233125051897,0.0262511483152192,0.0350103977500437,0.0442484006044021,0.0531017510893759,0.0606467765018205,0.0660865261056938,0.0689190805608641,0.0690211914850761,0.0666702241422351,0.0624490510837867,0.0570857085146334,0.0512673774581693,0.0455039743283641,0.0400667076234374,0.0350270817339606,0.0303528573108626,0.0259968575381286,0.0219553775790383,0.0182694296059918,0.0149988493514843,0.0121807234982149,0.0098194551720376,0.00788508153288173,0.006326156190432,0.00507715892388015,0.00407530779253663,0.00326331896250462,0.00259458437027362,0.00203433631797537,0.00156141298543603,0.00116500163022567,0.000840387863977756,0.000583872855113692,0.000390580604512924,0.00025304489662009,0.000161340602041613,0.000104353344023679,7.12182204389662e-05,5.23461878826764e-05,4.05540487716505e-05,2.85422699777168e-05,2.22624532754255e-05,1.56958891274971e-05,9.94908672258211e-06,5.65844474133577e-06,2.88016883633092e-06,1.31000257858253e-06,5.34314080084562e-07,0,0,0,0,0,0,0,0,0,0
"Age_24",0.00114768814063655,0.00208560875769557,0.00360603423082283,0.00592913112704708,0.00927467209332705,0.0138087354165464,0.0195750075533055,0.0264336086766416,0.0340396736636454,0.0418510309283755,0.0492073586357577,0.055442179994537,0.0600005588003177,0.0625548785379068,0.0630534017407399,0.0616929099675357,0.0588619237250475,0.055027998791195,0.0506300467677316,0.0460019952619428,0.0413518175920253,0.0367814187359369,0.0323377401775837,0.0280603582664538,0.0240071995978578,0.0202538134192435,0.0168770968043244,0.013930112924378,0.0114296842029795,0.0093565216460482,0.00766605949696159,0.00629994466727892,0.00520055354583807,0.00431919607176256,0.00361593493406621,0.00305869742682213,0.00261966617730873,0.00227228548926136,0.00198918293818106,0.00174427043444468,0.00151591136536749,0.00129060690619974,0.00106498059860732,0.000844459384101509,0.000639543366973524,0.000460828078503442,0.000315210646801256,0.000204454178717583,0.000125737309018176,7.32328995990793e-05,4.03166080848817e-05,2.0950379435509e-05,4.27940963208923e-06,2.12068563174019e-06,9.67054577158186e-07,4.03769237767794e-07,0,0,0,0,0,0,0,0,0
"Age_25",0.000875094217312158,0.00165711615642218,0.00297284231996518,0.00505446222728628,0.00814747224623385,0.0124587482802442,0.0180830733510828,0.0249301382862315,0.0326850157701267,0.0408029467136299,0.0485830967255836,0.055288598624968,0.0602819036084409,0.0631578709918719,0.063823633035301,0.062474047126265,0.0595344219043814,0.0555369873388165,0.0509839153533127,0.0462584052872195,0.0415905778649034,0.0370759230142804,0.0327375136265621,0.0285855224953679,0.0246518600566766,0.020997094150499,0.0176900368209116,0.0147800426201407,0.012277181780445,0.0101559443800628,0.00836918999681197,0.00686017779094018,0.00558449566943317,0.00451456391073975,0.00363685646054222,0.00294180752008413,0.00241666565049576,0.0020380484190009,0.00176834637340359,0.0015642876135334,0.00138570328169969,0.00120464687560388,0.00101072837775652,0.000808867792905424,0.00061315023913662,0.00043879425199141,0.000296073617633415,0.000188467264662961,0.000113333663940063,6.43895009725328e-05,3.45484727017915e-05,7.85939463272833e-06,4.17308877420598e-06,2.04318493871714e-06,9.18110710569672e-07,3.77102409373338e-07,0,0,0,0,0,0,0,0,0
"Age_26",0.000690918926661314,0.00138528374223911,0.00260958346573702,0.00461707808928874,0.00769386652360022,0.0120750448107767,0.0178831079659285,0.0250272857242286,0.0331581414010653,0.0416717738433486,0.0497862274110141,0.0566947796191423,0.0617066053179065,0.0644186027948644,0.0647511889255755,0.0629444503054409,0.0594832017025422,0.0549304040072141,0.0498394257874698,0.044642804412311,0.039626464136282,0.0349420940675441,0.0306498819447839,0.0267611875669025,0.0232691533367924,0.0201626383794882,0.0174183386284501,0.0149986368788068,0.0128520613959563,0.0109239006831954,0.00917774819806427,0.00760073296427109,0.0062073912806087,0.00502454599672012,0.00407257090949844,0.00335209836197437,0.00283584833415415,0.0024736528827791,0.00220522605584198,0.00197387941735824,0.00173937088329713,0.00148389561640025,0.00121132032223384,0.000939219503920279,0.000689403458977076,0.0004793115346316,0.000317371934091228,0.000202578721967649,0.00012772507130199,8.23645504798882e-05,5.62909702338637e-05,3.33341780069371e-05,2.84839853391602e-05,2.32486621135369e-05,1.77963021352083e-05,1.26276754175434e-05,8.24344292744566e-06,4.93176705065266e-06,2.69769162240277e-06,1.34537778183877e-06,6.12154243030875e-07,0,0,0,0
"Age_27",0.0020430416814529,0.00326362310591398,0.00502124646720224,0.00744324010767486,0.0106364767211605,0.0146599013792763,0.0194833809903259,0.0249818618848624,0.0309186434116053,0.036952864792567,0.0426828170645819,0.0476961704707789,0.0516329700943509,0.0542402219520338,0.0554111450346997,0.0551913683200234,0.0537439544389038,0.0513133888348122,0.0481832070661092,0.0446248392893712,0.0408732774065406,0.037115627556671,0.0334865634647852,0.0300681615106495,0.0268977519057565,0.0239793108811017,0.0212896707269831,0.0187978256910209,0.0164764327837301,0.0143096617987198,0.0122968504247676,0.0104487675808535,0.00878222523164908,0.00731474391555087,0.00605740771132835,0.00500997266743277,0.00416021155886211,0.00348514613201647,0.00295351628912402,0.00253121321694693,0.00218579116583478,0.00189217617776499,0.00163430810978057,0.00140363916320188,0.00119733375668922,0.00101512941422632,0.000856478526822096,0.000719581446289626,0.000601259617266597,0.000497743158556555,0.000405926809018268,0.000323898755251735,0.000251049887251115,0.000187806304348742,0.000134902045718936,9.26857090030298e-05,6.07847262138544e-05,3.79799548696011e-05,2.26002742005791e-05,1.28323674720084e-05,6.96043537831677e-06,4.30632644840334e-07,0,0,0
"Age_28",0.00151086638027797,0.00251403438355125,0.00401351848443691,0.0061542567563636,0.00906881403113904,0.0128406035311361,0.0174796820755799,0.0228951642478776,0.0288795244544159,0.0351043448494028,0.0411684703682618,0.0466444648736048,0.0511363552229534,0.0543413601747474,0.0561074515541793,0.0564179923951696,0.0553881643716386,0.0532278612957984,0.0502051894560155,0.0466030010995809,0.0426842914297912,0.0386799518774686,0.0347706715523658,0.0310798611324161,0.0276721261889045,0.0245621722294005,0.0217271849682969,0.0191279112906426,0.0167255839912014,0.0144948918981095,0.0124286550733874,0.010534530656307,0.00882951931460293,0.00733169542860859,0.0060525805762127,0.00499332975945026,0.00413994860872627,0.00346773576870292,0.00294248428159052,0.00252717915587748,0.00218762871907284,0.00189783028721235,0.00164158787353092,0.00141116402835201,0.00120438534597683,0.00102136694416007,0.000861682164484279,0.000723489346805403,0.000603304402280043,0.000497441976640703,0.000403018346843967,0.000318556622681531,0.000243961570997791,0.000179834455011649,0.000126911245253956,8.54045902520593e-05,5.46603099017911e-05,3.32100752318849e-05,1.91182836069703e-05,1.04254957234888e-05,1.1009341084843e-06,4.91793676934198e-07,0,0,0
"Age_29",0.00222909294652017,0.00346488959022551,0.00520367204319127,0.00755594747225801,0.0106015187193613,0.0143834646522374,0.0188780033966389,0.0239688369068583,0.0294586719927103,0.0350633908043245,0.0404476060497847,0.0452680354193196,0.0492042796936748,0.0520301504484142,0.0536223608828429,0.053959514557569,0.0531375351363307,0.0513233081266187,0.0487233732822026,0.0455642128261847,0.0420672415827945,0.0384287845677529,0.0348108398571254,0.0313305202408247,0.0280561440778286,0.025016764150858,0.0222036925626632,0.019597324184041,0.0171763586813617,0.0149277248456272,0.0128517382259316,0.0109580066132001,0.00926083421864184,0.00777078324556523,0.00649498720964494,0.00542740498652943,0.00455263114560176,0.00384671782011511,0.00327960528523882,0.00281819293302273,0.00243415355306273,0.00210471618795776,0.00181487528966747,0.00155682731142256,0.00132737688271301,0.00112531683432733,0.000949189196406544,0.000796956286160304,0.000664897429622659,0.000549447121397332,0.000447461054147582,0.000356992510043709,0.00027722946835951,0.000208416066546979,0.000150945397754223,0.000104899500679265,6.97979442541614e-05,4.44190448515582e-05,2.69936450394025e-05,1.56698019381042e-05,8.71275843612156e-06,5.45333575052491e-07,0,0,0
"Age_30",0.00201085027696882,0.00317755530533594,0.0048469903851704,0.00713797637934021,0.0101463220756758,0.0139280351132061,0.0184716242724229,0.0236653290139629,0.0293124119840788,0.0351223791619292,0.0407466893071925,0.0458231591597398,0.050003997040182,0.0530381504178069,0.0547636520607978,0.0551416117314074,0.0542391337323506,0.0522302605776536,0.0493325641990381,0.0458170014516188,0.0419502694065819,0.0379763946326673,0.03409396806524,0.0304387707014149,0.0270845154400381,0.0240495436138397,0.0213087784446827,0.018821612023002,0.0165462212666444,0.014451276833744,0.0125220958010663,0.0107589906028012,0.00917027203451968,0.00776677319036429,0.0065561125609974,0.0055387086949894,0.00470167297569279,0.00402578408512481,0.00348124799229633,0.00303612782958811,0.00266040691232305,0.00233087424155624,0.0020321235383653,0.00175754773682354,0.0015061093049112,0.00127922099127906,0.00107798939607164,0.000901963004752389,0.000748533230644222,0.000614354285510789,0.000496332889821291,0.000392398858412345,0.000301725911209012,0.000224392475139937,0.00016072460036953,0.000110380056207101,7.25479154230122e-05,4.55369617875335e-05,2.72752218445076e-05,1.55686510815833e-05,8.49645764923311e-06,6.67517644001789e-07,0,0,0
"Age_31",0.00229033473155094,0.00346561791767518,0.00508832310933567,0.007252094995087,0.0100317128144593,0.0134705939295902,0.0175610995177531,0.0222284059823745,0.0273217080485021,0.0326220770711017,0.0378504690061396,0.0427026855036658,0.0468754234756674,0.0501138754581375,0.0522378193945734,0.0531602738679672,0.0528998868638741,0.0515752665152764,0.0493707163161959,0.0465219553781656,0.0432763586830995,0.0398563594620011,0.0364415654873421,0.0331494582898894,0.030037194971134,0.027111644459085,0.0243488599348376,0.0217161105915689,0.0191897401972626,0.0167626735803415,0.014448779942975,0.012276367865526,0.0102780035173791,0.00848357892797295,0.00691603824409544,0.00558132627067503,0.004472779609433,0.0035762352370589,0.00286462931737143,0.00230889429933653,0.00188175923625727,0.00155540113854926,0.00130697964266439,0.00111817570202949,0.000973254141978676,0.00085930953970341,0.000765953603744256,0.000684493372244938,0.000608516541892212,0.000534005679366801,0.000459218813692853,0.000384727507730423,0.000312424070464711,0.00024504991529414,0.000185091668318256,0.000134343045979025,9.36829976902237e-05,6.26572907073274e-05,4.02127844875517e-05,2.4885668289083e-05,1.49791314370359e-05,9.04486390141607e-06,1.96460767132154e-06,2.75558734242077e-06,4.17466308591215e-06
"Age_32",0.00242545536333349,0.00357613285341153,0.00512978741828206,0.00716189738788621,0.00973511457822261,0.0128799730670072,0.0165867287775728,0.0207944361923685,0.025374305294169,0.0301470105126573,0.0348831302143789,0.0393309982430053,0.0432414053384899,0.0463980256486624,0.0486438976784681,0.0499013597519129,0.050154723080597,0.0494940255817516,0.0480513323149219,0.0460001584691704,0.0435289335392475,0.0408101524805353,0.037984085565183,0.0351485256012915,0.0323547787604944,0.02961893473911,0.0269354087906566,0.024293336308222,0.0216902040497522,0.0191378277025439,0.0166643201654839,0.0143082880272325,0.0121113121442478,0.0101101962896779,0.00833217237427306,0.00679013645163971,0.0054831032563949,0.004402181352173,0.00352512882528744,0.00282706158152825,0.00228113673975792,0.00185994032967391,0.001538099162823,0.00129423671185485,0.00110785479694149,0.00096279283708831,0.000845854643122021,0.000746511589985776,0.00065712603566944,0.000572862046059147,0.000491246265521955,0.000412043453318022,0.000336414076301321,0.000266372922395896,0.000203948455700764,0.00015072241149578,0.000107370641152615,7.36545439531826e-05,4.87238957381828e-05,3.11376611968307e-05,1.93672108836285e-05,1.19970647809704e-05,7.83263882874368e-06,2.70629555405555e-06,4.06179895831015e-06
"Age_33",0.00165468187097924,0.00253462537787691,0.00377439809807583,0.00546480227216277,0.00768913064156654,0.0105129819527092,0.0139682189171816,0.0180321134120695,0.022617053680201,0.0275725008094749,0.0326778090007389,0.0376695674199827,0.0422618008596854,0.0461830258331545,0.0492092394513299,0.0511842702567421,0.0520468688766295,0.0518364274985543,0.0506635703234359,0.0487140467044869,0.0461984386686886,0.0433223678226226,0.0402638531779894,0.0371508121940178,0.0340580271529611,0.0310166538167507,0.0280291477510663,0.0250914572936855,0.0222072863764988,0.0193977325837895,0.0167008286888179,0.0141667699799068,0.0118436770159352,0.0097702745352405,0.00797356469411133,0.00645512319962287,0.00520270613586832,0.00419358924801872,0.00339315056577177,0.00276568930792674,0.00227910347889341,0.00190214143050017,0.00160917560551419,0.00138013639057773,0.00119759858408556,0.00104803455780099,0.000920675550796658,0.000807258282155907,0.000702061814572862,0.000601856704228761,0.000505722286477415,0.0004144223623802,0.000329897761408776,0.000254275947141595,0.000189295103291594,0.00013584749051552,9.39661563394303e-05,6.25562292401284e-05,4.00867652255027e-05,2.48764255705888e-05,1.50618504939663e-05,9.1833958662849e-06,1.70882615015774e-06,2.66396335287428e-06,4.10957109190414e-06
"Age_34",0.000930489521728334,0.00151112263287396,0.00238558682484449,0.00365980394923423,0.00545554448970387,0.00788756204748838,0.011056897611648,0.015014090224858,0.0197429822217225,0.0251314158363388,0.0309642970230697,0.0369335238890147,0.0426609180860588,0.0477449993959198,0.051814613403825,0.0545942837961733,0.055917051917357,0.0557995925518383,0.0543814783698522,0.0519264545544082,0.0487539347606425,0.0451804886025096,0.0414737363893004,0.0378155098668558,0.0342998546512922,0.030950500092193,0.0277493249037068,0.0246703890449382,0.0217045261541946,0.0188664968613292,0.0161956772022292,0.0137395339488325,0.0115408154732451,0.00962588587035516,0.00799510411084741,0.00662961910621889,0.00549479948784967,0.00454968085160679,0.00375470788390749,0.00307721884158056,0.00249475609389533,0.00199273638516481,0.00156347945811136,0.00120273966539587,0.000906453102910333,0.000670384868018679,0.000487218383143947,0.000349086081568145,0.000247171620461168,0.000173148125562471,0.0001198504299987,8.16069949839695e-05,4.46921564063075e-05,3.04271072446543e-05,1.97212022185937e-05,1.21031732118924e-05,7.04304378074568e-06,3.87940074235622e-06,2.06598580050305e-06,1.14806922494979e-06,8.33051487215579e-07,9.66696478356003e-07,1.50824009826916e-06,2.49446764364478e-06,3.97374485513054e-06
"Age_35",0.00244720999568072,0.00351709487984534,0.00493767774482132,0.00676824713411471,0.00905950742118413,0.0118365281916181,0.0150973690934642,0.0187942823030407,0.0228378378424122,0.0270928173075471,0.0313849462232587,0.0355175007110565,0.0392874075430877,0.0425074745803914,0.0450277707690892,0.046744733486193,0.0476228428692054,0.0476749589972006,0.0469832066125636,0.0456483762403355,0.0438118157939816,0.0416018033570677,0.0391441941965296,0.0365368765049218,0.0338548703645195,0.0311480575903246,0.0284505142137053,0.0257865779095057,0.0231795648605627,0.0206560126780853,0.0182456655931737,0.0159811876432891,0.0138916944291215,0.0120005610835766,0.0103194505459481,0.00884920327374807,0.00757911268080666,0.00648940731173003,0.00555573262285992,0.00475222786665584,0.00405438539844472,0.00344223483906022,0.00290038940421952,0.00241868060692746,0.00199088528028277,0.00161378715710554,0.00128561865430888,0.0010047910236615,0.000769393726387318,0.00057643466879322,0.000422010965151626,0.000301563188440018,0.000210020371619398,0.000142408475840263,9.38246710131185e-05,6.00275376074163e-05,3.7258854610998e-05,2.2433656869782e-05,1.3197991783103e-05,2.79303897894646e-06,2.06566666436375e-06,2.04039462978566e-06,2.59251634767598e-06,3.65918206158861e-06,5.1822629667594e-06
"Age_36",0.00182485005630839,0.00274432963809466,0.00401463829354415,0.00571229994634814,0.00790738170106237,0.0106502955940269,0.0139595630423432,0.0178106103638432,0.0221183396384768,0.0267475936247035,0.0315076439597365,0.0361707373410478,0.0404899525623031,0.0442306433236135,0.0471829158443763,0.0492066486343727,0.0502293189030583,0.0502573608427314,0.04937063647307,0.0477017613160629,0.0454228860931541,0.0427133598505228,0.0397422964913568,0.0366511440151022,0.0335455587447144,0.0304964197385294,0.0275461486420734,0.0247192564307967,0.0220302194479781,0.0194926501430953,0.0171219500885785,0.0149360076787666,0.0129512783821606,0.0111788000253519,0.00962142371932682,0.0082722882705711,0.00711472858124924,0.0061248985555318,0.00527666516403318,0.00454316898770954,0.00390084952983877,0.00333056360700287,0.00281912239708651,0.0023584592999771,0.00194452497479853,0.00157613715854236,0.001253150948101,0.000975568551346933,0.000742502110830406,0.000551616074725815,0.000399460308366688,0.000281573832726406,0.000192882212646989,0.000128348079694572,8.2724732795892e-05,5.16380214033322e-05,3.1171617166632e-05,1.82109882132753e-05,4.58690747115625e-06,2.79854303793049e-06,2.02776975419463e-06,1.99163101543026e-06,2.55332451493175e-06,3.64631812441209e-06,5.22091109154554e-06
"Age_37",0.00151279244464362,0.00229542029634948,0.00338500984052668,0.00485478752280241,0.00676878219023885,0.00918022354540535,0.0121116252709575,0.0155494532104305,0.0194331228442741,0.0236510385915635,0.0280429260332781,0.0324139729029223,0.0365527272720445,0.0402524655689977,0.0433346297726469,0.0456621821877072,0.0471690076493296,0.0478418961577556,0.0477321967980356,0.0469307563381474,0.0455571964817886,0.0437364569920124,0.0415875811154571,0.039209267871715,0.0366745561284365,0.0340347230442021,0.0313263282508562,0.0285786754582704,0.0258231068273378,0.023097167232867,0.0204443902896977,0.017912129643413,0.0155451744477645,0.0133811491446984,0.0114437514680164,0.0097406845172978,0.00826614547932679,0.00700202681163225,0.00592348565201966,0.00500260090226513,0.0042118741907471,0.00352777636878897,0.00293179771541108,0.00241091417435317,0.00195603614422568,0.00156162727141321,0.00122377180206638,0.000939007619494787,0.0007039505168627,0.000514523413793065,0.000365977042803029,0.00025290291301313,0.000169540305058769,0.000110051615795356,6.90247951535451e-05,4.18318005907066e-05,2.44491035694972e-05,5.18617108096e-06,2.94284183461874e-06,1.78664426285609e-06,1.3894445011112e-06,1.55288618238168e-06,2.20753595911162e-06,3.33295282805945e-06,4.93053307938588e-06
"Age_38",0.0015842933840391,0.0024068271520433,0.00355404240452014,0.00510090360896824,0.00711672644029754,0.00965428764783226,0.0127372514727427,0.0163457092379749,0.0204101820436923,0.0248045255776994,0.0293528002051999,0.0338436373296757,0.0380506765909783,0.041755480810493,0.044771255625521,0.0469625147875017,0.0482605834773322,0.0486627718265557,0.0482280656426752,0.047062473282534,0.0453026262744775,0.0430952117897061,0.0405852051291533,0.0378934352157117,0.0351145705299743,0.0323160301074761,0.0295420903977475,0.0268219476536232,0.0241771363133691,0.0216281114701016,0.0191974941699659,0.0169100291297144,0.0147889431915409,0.0128532494434885,0.0111140115153037,0.00957105514524013,0.00821594160990335,0.00703334776163322,0.00600346318765283,0.00510574540527019,0.00432106878949651,0.00363296807854138,0.00302837655241756,0.00249753547680598,0.00203341156356175,0.00163065525074874,0.00128550636958316,0.000994387151184028,0.0007538504533773,0.000559952088370056,0.000407955471237644,0.000292110844305233,0.000206281318588903,0.000144124576906783,9.98653662316706e-05,6.86269472973634e-05,4.66266783328356e-05,2.23032272237635e-05,1.5490589920798e-05,1.0251416493004e-05,6.42674673510194e-06,3.79852725723891e-06,2.11901792641162e-06,1.10919158490097e-06,5.44316541141323e-07
"Age_39",0.0013817299547884,0.00215106966338823,0.00324952261482309,0.00476500491945285,0.00678378023242181,0.00937801195607309,0.0125934297256688,0.0164285516115648,0.020824974072779,0.0256606415088922,0.0307492549452593,0.0358526318198266,0.0407006337028251,0.0450172129019783,0.0485497992929048,0.0510977360240525,0.052531198615879,0.052808015889331,0.0519769599884628,0.0501658138050155,0.0475647148164821,0.0443985809733662,0.0408971969069407,0.0372658520888867,0.0336678724094668,0.0302154714892605,0.0269717824979871,0.0239615726277592,0.0211855477160035,0.0186348302739228,0.0163013451187031,0.0141828277480894,0.012281915697652,0.0106021653120503,0.00914298535597108,0.00789342940897045,0.00683257562301766,0.00593095806453055,0.00515501878052105,0.00447284892893372,0.00385864809226932,0.00329560224405524,0.00277544849626404,0.00229705568161633,0.00186349881116855,0.00147912408189717,0.00114739021124098,0.000869537966523142,0.000644184839976504,0.000467316879690585,0.000333005343960919,0.000234248015429359,0.000163650607335441,0.000114171168844177,7.98141814150687e-05,5.58317739787983e-05,3.18312583446746e-05,2.30791078948674e-05,1.60349005253088e-05,1.06104855789986e-05,6.64490288370914e-06,3.92392943484141e-06,2.18357583370531e-06,1.140010339642e-06,5.58349596237911e-07
"Age_40",0.00160520786376385,0.00239585362730883,0.00348557823712946,0.00494421294634439,0.00683854419897142,0.00922340205242191,0.0121312890202714,0.0155583556704447,0.0194598463959287,0.0237414718000059,0.0282614461006481,0.0328368041516001,0.0372573067444255,0.0413029858456721,0.0447631164535838,0.0474562818433287,0.049249140446185,0.0500701736254124,0.0499172041382014,0.0488566730140978,0.047013511896692,0.0445551843837261,0.0416712551403403,0.0385453059563844,0.0353402487874514,0.0321811745724824,0.0291526334318674,0.0263003641211415,0.0236392265475569,0.0211645093052987,0.0188622976512326,0.0167184605567675,0.014723760638027,0.0128747307940987,0.0111741055805864,0.00962633803692581,0.00823506785592458,0.00700044003571216,0.00591735509290105,0.00497568166057471,0.00416244795906264,0.00346233229043178,0.0028606592416012,0.00234416389932636,0.00190147330068455,0.00152365685990377,0.00120364592351438,0.00093570703380009,0.000714939839706396,0.000536548797202224,0.000395632446674649,0.000287083618302567,0.000205472380385408,0.000145457300680958,0.000102047256466258,7.0940783364345e-05,4.87087142259429e-05,2.60289719528988e-05,1.80045302816412e-05,1.19225161618413e-05,7.51976414647431e-06,4.49361877850577e-06,2.53779567824335e-06,1.3519726352865e-06,6.76963594583998e-07
"Age_41",0.00162764640191907,0.00246478871457891,0.00362592441103364,0.0051842150799764,0.00720777649710233,0.00974972190560034,0.0128373826111551,0.0164607952275577,0.0205674368415505,0.0250553033928413,0.0297763410548153,0.0345448177113638,0.0391454800346554,0.043350745977968,0.0469374727222944,0.0497071396541172,0.0515047127218322,0.0522396124220903,0.0518993530141551,0.0505543354429249,0.0483479328956944,0.0454795673481164,0.0421705631241638,0.0386339742507556,0.0350510501445814,0.0315537066923981,0.0282239238181755,0.0251009632259312,0.0221951293957855,0.0195018914721584,0.017013504879279,0.0147259871628594,0.0126409238144804,0.0107637298921037,0.00910034584174712,0.00765304661980577,0.00641648733031323,0.00537825309057555,0.00451797559152898,0.00380983881549263,0.00322570336025415,0.00273741606101783,0.00232012934558348,0.00195411514757056,0.0016262488416091,0.00132974894031444,0.00106313810842243,0.000828210146463583,0.000627652290382271,0.000463152856038119,0.00033399728261919,0.000236876769301011,0.000166784392798596,0.000117435772495442,8.30545070167286e-05,5.88528320648422e-05,4.13895670263212e-05,2.40538019858165e-05,1.67362215632743e-05,1.10106310599995e-05,6.80937111420601e-06,3.94986068069424e-06,2.14131334053998e-06,1.08279729136115e-06,5.12536507722926e-07
"Age_42",0.000896082714286161,0.00144846596284748,0.00226854847848039,0.00344452085791289,0.00507343391658928,0.00724831894671012,0.0100551588180372,0.0135367086953471,0.0177099447711329,0.0225063479179959,0.0278062868952844,0.0334044688464625,0.0390325055319786,0.0443691206202547,0.0490721959725844,0.0528099852725132,0.0553249251698933,0.0564353479909431,0.0561245609441208,0.0544843837305368,0.0517374104840605,0.0481784441115068,0.0441236252846839,0.0398661370267338,0.0356403684705966,0.0316070457292374,0.0278585491584306,0.0244287754481204,0.0213139350871004,0.0184902100252837,0.0159231334362051,0.013585505569038,0.0114554067766677,0.00952584195507685,0.00779933193894995,0.00628581738464644,0.00499591452396365,0.00393442810418142,0.00310179081506497,0.00248256329687489,0.00205990219387053,0.00180254090099367,0.00167938630900478,0.00165332302873344,0.00168752361201222,0.00174567980221044,0.00179516336659858,0.00180954020115784,0.00177221771769973,0.00167548705219607,0.00152444461310474,0.00133090300714966,0.00111338661562192,0.000891256311648479,0.000681975331083402,0.000498314721044806,0.000347427227338083,0.000230776889845186,0.000146070411779108,8.79107925070822e-05,5.02896952922403e-05,2.73380881642871e-05,2.0751898665028e-06,1.03654342791321e-06,4.83697315294393e-07
"Age_43",0.000732571099579533,0.0012055844036496,0.00191659761480095,0.00294637979917545,0.00438412253140387,0.00631154033421488,0.00880931537708573,0.0119162898633211,0.0156565251834713,0.0199916888277393,0.0248492598605159,0.0300987773147164,0.0355569081619836,0.0409860981597006,0.0461017317428936,0.0505760562061797,0.0541040433905076,0.0563959707388445,0.0572878966934703,0.0567233374391727,0.054795767103993,0.051732494951962,0.0478250249013143,0.0434167639946859,0.0388146136316521,0.0342759037492694,0.0299826464776063,0.0260379131456939,0.0224816479907392,0.0193078339772593,0.0164769952564167,0.0139496082612293,0.011681212273824,0.00965115672243517,0.00784798939071357,0.00627734790252361,0.00494717428285192,0.00386249793107898,0.00302241267659693,0.00240942034631704,0.00200285255444691,0.00176693569314348,0.0016671131571374,0.00166274141491735,0.00171515803740647,0.00178693709149905,0.00184468293726667,0.00186122816861714,0.00182016193889554,0.00171422427654889,0.00154994685750126,0.0013413437172094,0.00110942878665029,0.000875708262442433,0.000659068668227017,0.000472309796543914,0.000322355079792273,0.000208992083359055,0.000128887189670191,7.53702898364759e-05,4.18083623637153e-05,2.19769206425492e-05,2.1151270626052e-06,1.0490054115184e-06,4.84872819015874e-07
"Age_44",0.000909030380975216,0.00145007786166573,0.0022418032225603,0.00336251157584162,0.00489665086483057,0.00692396970772482,0.00952222840763697,0.0127333789718973,0.0165819949230224,0.0210375753033125,0.026027323450593,0.0314185300102971,0.0370180725809753,0.0425728869830591,0.0477817724741529,0.0523016237164664,0.0558091864897683,0.0580167658316756,0.0587374938194584,0.0579205698645017,0.0556560390902326,0.0521802742503732,0.047807624641376,0.042907145675899,0.0378236682806589,0.0328477784933957,0.0281896646070598,0.0239746526949787,0.0202533669621386,0.0170244438640295,0.0142471509071749,0.0118703922662843,0.0098361789520261,0.00809579285773524,0.00661033328433805,0.00535237153850811,0.00430379824071579,0.00345225819686622,0.00278822450594725,0.00229964060983539,0.0019709818859956,0.00178053499137414,0.00170203618452649,0.00170341479211777,0.00175146438617993,0.00181333927602167,0.00185973764010311,0.00186774697888731,0.00182314439623241,0.00172072344915179,0.00156571665243566,0.00136981832995234,0.00115059968386577,0.00092647308511922,0.000714279401181134,0.000526603872198834,0.000370941877090136,0.000249186296891589,0.00015968845454929,9.73487083954875e-05,5.6499626618325e-05,3.11623239008303e-05,2.48196287543497e-06,1.24685226631309e-06,5.82532080675086e-07
"Age_45",0.000661735047976757,0.00109651488640504,0.00175476908754064,0.00271482985862373,0.00406481781464758,0.00589468540034458,0.00829332582254995,0.011329920064404,0.0150554039430834,0.0194758527562424,0.0245580418195835,0.0301925018246221,0.0361985284466648,0.0422978571375783,0.0481269987714761,0.0532680497412006,0.057277209395138,0.0597983983035643,0.0605711905364923,0.0595654195080458,0.0569031767339632,0.0529232936093316,0.048036253496477,0.042703674277124,0.0373256010355659,0.032207205266243,0.0275424529557244,0.023410880545568,0.0198207697634634,0.0167245702047165,0.0140591282357883,0.0117566322326025,0.00976065935127143,0.00802917196521991,0.00653417454669405,0.00526163765811267,0.00420227630381094,0.00335220052408216,0.00270299803854867,0.00224545133969366,0.0019610107181118,0.00183084048075896,0.00182710416427155,0.00192214635563508,0.00207964991923223,0.00226175429535956,0.00242716686032942,0.00253612264835574,0.00255922970918703,0.0024777411297454,0.00229439082128839,0.00202504460929198,0.00170152261551981,0.00135880871584508,0.00103047148264684,0.000741805992947252,0.000506402275325527,0.000327963300864376,0.00020127944765854,0.000116571045720296,6.43594858080282e-05,3.36665831157358e-05,1.66890927961215e-05,0,0
"Age_46",0.000620874223929379,0.00106211905569632,0.00174558239223289,0.00275933632560461,0.00419938187366642,0.00616272927884933,0.00873307467893958,0.0119647723838797,0.0158740726806206,0.0204215608182222,0.025503465385634,0.0309511825881242,0.0365315640793219,0.0419553889545179,0.046904077770705,0.0510472192296793,0.0540953565072305,0.0558412822224241,0.0561703681491185,0.0551008634243041,0.0527892599637285,0.0494742555490967,0.0454519638703721,0.0410436538130147,0.0365292230358536,0.0321365202883065,0.0280209063981801,0.0242712994489911,0.0209280205198222,0.0179873994935392,0.0154223035271561,0.0131990705651052,0.0112778063630529,0.0096201601151661,0.00819586875740382,0.00697935624809321,0.00595036460345221,0.00509331331041155,0.00439476872110761,0.00384210623628296,0.00342249557511623,0.00312289199331319,0.00292850135550966,0.00282149893189045,0.00277962499964046,0.00277575461395412,0.00277904219462673,0.0027585101197798,0.00268766280766336,0.0025495990262582,0.00234077337229467,0.00207032805918274,0.00175833976507023,0.00143096548351035,0.00111400526139695,0.000828867725300495,0.000588922390990105,0.000399145045779378,0.000258244610511222,0.000159395228472185,9.3180455857802e-05,5.23185485958809e-05,2.80395844489707e-05,0,0
"Age_47",0.00028293581434621,0.00054075769306838,0.000983308414369283,0.00169959863803126,0.00279781111702245,0.00439992465574241,0.00662040215055706,0.00955125813298469,0.0132490080997449,0.0177131084189994,0.0228763265742328,0.0286062120763241,0.0347027213121995,0.0409011581268222,0.0468845355014983,0.0522950902847498,0.0567615128654204,0.0599454394597031,0.0615746967747212,0.0614947863906468,0.0597226201444881,0.0564207854768125,0.0518859878193062,0.0465166529418845,0.0407252163130079,0.0348927990662925,0.0293265938219443,0.0242368894726111,0.0197478372192826,0.0159050235971974,0.012699544522574,0.0100937275262008,0.00802875781342909,0.00643277507384149,0.00523194965867399,0.00435214880619207,0.00372027295719415,0.00327157985570067,0.00295296048582623,0.0027248226825252,0.00256412237431821,0.00246313062861606,0.00242386491825429,0.00244920537514218,0.00253424777928858,0.00265904761424164,0.00278756498136359,0.00287469572070193,0.00287690247663376,0.00276581208904348,0.00253675134416673,0.00220885513088134,0.00182042172717246,0.00141740131048596,0.00104120400234757,0.000721242990227343,0.00047069189558992,0.000287921186651111,0.000166952418255333,9.1102517840345e-05,4.67289998703511e-05,2.25947627388444e-05,0,0,0
"Age_48",0.000163669943120458,0.000328396979648139,0.000627806646490374,0.00114305073786232,0.00198266821090156,0.00328075432943733,0.00518249028648981,0.00782299916706839,0.0112956434131006,0.0156291533534813,0.020765942175975,0.0265427333595395,0.0327183941936804,0.0389930930539793,0.0450380373300591,0.0505209483050093,0.0551336514655536,0.0585981878501897,0.0606776416865501,0.0612138186668677,0.0601408356413387,0.0575140359729061,0.0535101756552697,0.0484340722389931,0.0426756021647055,0.0366545694930374,0.0307664164998483,0.0253356758857393,0.0205773299992393,0.0165940014069085,0.0133910704208157,0.0108966939866543,0.00899543449671527,0.0075550002212917,0.00645304178996549,0.00558947495110661,0.00488791966836056,0.00430012947269949,0.0037997034671303,0.00337711934216439,0.0030356797540361,0.00278578237421438,0.00263940280719038,0.00260230607142219,0.00266513989448866,0.00279857607214613,0.00295532674150278,0.00307783224173254,0.0031118489527875,0.00302084542397429,0.00279576265809393,0.00245569133031247,0.00204098738484582,0.00160308330714789,0.0011885899273562,0.000831366231714522,0.0005483913000532,0.000340325868639325,0.000199635690271122,0.000110297099181337,5.74867534245861e-05,2.82581855710692e-05,0,0,0
"Age_49",8.00146580767463e-05,0.000138597010729743,0.000292971181916883,0.000523365229378328,0.000922580104577073,0.00159792239498026,0.00270171883547277,0.00442073725395434,0.00695227754103819,0.0104610418836141,0.0150357464686394,0.0206417077736644,0.0271281159723749,0.0342571017430294,0.0417265275466129,0.0491689917816897,0.0561308462841929,0.0620601631399037,0.0663548052049547,0.068483110389335,0.0681549321424108,0.0654160838478204,0.0606472813562119,0.0544588211768168,0.0475448162819084,0.040514731124046,0.0338143730104329,0.0277214369958711,0.0223824494356147,0.0178629529752729,0.0141794232760179,0.0113026369395452,0.00914911239970205,0.00758334036721784,0.00644982467640384,0.00560498873195733,0.00493939657769586,0.0043780536835698,0.00387079582541409,0.0033826176291596,0.00289359104415921,0.00240775745295425,0.00195413279460102,0.00157705489873439,0.00131766688585746,0.00119401277244702,0.00118969205066856,0.00125768549883362,0.00133411227238907,0.00135863023554367,0.00129481483257306,0.00114003269335809,0.000921521104400918,0.000681702111432519,0.000460855538142949,0.000284461026561511,0.000160167817531655,8.12275506067367e-05,3.8143801165626e-05,1.63267668138471e-05,0,0,0,0,0
"Age_50",0.000296778382434297,0.000504481210857227,0.000805856695881644,0.00121856483318434,0.00176919225772259,0.0025086112502163,0.00353959660482107,0.00503557643264779,0.0072273983040882,0.0103750278767345,0.0146736999538252,0.0201944263619389,0.0268111366006496,0.0342032531007572,0.041901678103793,0.0493545002516438,0.0560017517724794,0.0613378884180918,0.064952265937257,0.0665745202975002,0.0661289492953024,0.0637071486992099,0.0596076392545413,0.0542259169344083,0.0480167446423793,0.0414163632472357,0.0348124107568663,0.0285324717597355,0.0228514122694233,0.0179722324084997,0.0140214514667073,0.011016875262812,0.00886228824064025,0.00738938246034792,0.0063864562183109,0.00567108443785436,0.00510635053972742,0.00460783291860971,0.00412637246432322,0.00363505350930555,0.0031239203864121,0.00260630200427759,0.00211714548333303,0.0017045426326301,0.00141102805957886,0.00125649123419975,0.00122594196549965,0.00127446212619181,0.00133872396205934,0.00135890170405375,0.00129732595222194,0.00114907304955465,0.000937418975320361,0.000702334675687966,0.000482437583369511,0.000303541495314993,0.000174008303652174,9.1860199580297e-05,4.42864423312168e-05,1.96123319662036e-05,0,0,0,0,0
"Age_51",0.000376794822425377,0.00061254029938177,0.000959821867252034,0.00145988441538932,0.00217485517666831,0.00319170510381832,0.00463028698058075,0.00663157201272874,0.00934080514110891,0.0128767483935449,0.0172813665767091,0.022496492510469,0.0283379652197814,0.0345220112330947,0.0406871239917073,0.0464467991413269,0.0514498994051766,0.0553962322882138,0.0580762424867734,0.0593576406894681,0.0592009038165198,0.0576436045405443,0.0547887951251446,0.0508213851200163,0.0459833268103369,0.0405807982521725,0.0349474329875685,0.0294262466346639,0.024334189785502,0.019907801030286,0.0162920111541506,0.0135054902845305,0.0114643322029802,0.0100016336461274,0.00892190840558274,0.00805042632980124,0.00726209338469898,0.00649588511817907,0.0057434026069803,0.00502708704322877,0.00437641685582345,0.00381443700716714,0.00334843416437444,0.00297384445872266,0.00267635234889518,0.00243734329266272,0.00223628856763743,0.0020529639660876,0.00186937846198757,0.00167237652279091,0.00145546218913078,0.0012215732403937,0.000981083474292981,0.000749210088265756,0.000541412427767639,0.000368790192065049,0.000235327646834458,0.000141490468767977,7.96231359219588e-05,4.19802118952838e-05,2.06692438823559e-05,0,0,0,0
"Age_52",0.000462779049981523,0.000732394232660044,0.0011301899934102,0.00170652476989555,0.00252885404561299,0.00368017302463711,0.00525673538578968,0.00735666900378858,0.0100649833409574,0.0134343419957118,0.0174607349238163,0.0220752655134653,0.0271344000661404,0.0324354521033654,0.0377327071989814,0.0427579582310004,0.0472454802563425,0.0509525984776196,0.0536725542883093,0.0552474194182144,0.0555783148859949,0.0546485945929232,0.0525204585335989,0.0493498382049068,0.0453656600703978,0.0408543823417991,0.0361295516141035,0.0314965072408572,0.0272122167061006,0.0234560372322496,0.0203128979046379,0.0177739181718674,0.0157474027290677,0.0140960934291999,0.0126721354782803,0.0113541745816106,0.0100674583621839,0.00878954943246336,0.0075389832417704,0.00635643954253827,0.00528262459892371,0.00434457557915117,0.00354981359141076,0.0028878072547096,0.00233783719007345,0.00187698199248445,0.00148622766997209,0.00115292878386574,0.000870380021499961,0.000635641526739764,0.000446789282691584,0.000301013112640452,0.000193760272828845,0.000118923348529156,6.95023863968187e-05,3.68348484213755e-05,1.95289234100718e-05,0,0,0,0,0,0,0,0
"Age_53",0.000537366653058378,0.000830467020557216,0.00125019213748238,0.00184190443465173,0.00266659807215911,0.00380023189666515,0.00533359234019574,0.00736216395375738,0.00997459900814486,0.0132329312122805,0.0171589175009392,0.0217025072093239,0.026750523021291,0.0321229643348122,0.0375859534568659,0.0428687298507563,0.0476830397031713,0.0517495088308775,0.054814966181701,0.0566731769024185,0.0571862990109461,0.0563094506653934,0.0541025093972533,0.0507336896246803,0.0464657555818678,0.0416302637602122,0.0365903772745495,0.0316959186567169,0.0272312917155091,0.023381814121565,0.020215726433156,0.0176895305367781,0.0156687485230789,0.0139783287809614,0.0124482990929081,0.0109569485793111,0.00945116955078743,0.00794436100747042,0.00649648597650743,0.00518177945530996,0.00406024348055869,0.0031603899910596,0.00247493483000514,0.00197012791164941,0.00159750849652703,0.00131055616074174,0.00107361327421415,0.000865570253991198,0.000678090360203791,0.000511328481100166,0.000368746416433426,0.00025321626317624,0.000165104439865107,0.000102092306203877,5.98203365009151e-05,3.24706788091343e-05,1.71048528884463e-05,0,0,0,0,0,0,0,0
"Age_54",0.000794788619747768,0.00118745209627243,0.00173874148467138,0.0024995379370351,0.00353152739216458,0.00490544935513046,0.00669470119280149,0.00896862945929043,0.0117792854016798,0.0151460110395016,0.0190476315733618,0.0234076517414464,0.0280934700363823,0.03292033916468,0.0376671559716174,0.0420934749271437,0.0459600397858784,0.0490540161858007,0.0512107499149195,0.0523231222919511,0.0523487879931357,0.0513058111247556,0.0492950829321692,0.046471159774613,0.0430318809504254,0.0392075479311716,0.0352378879897125,0.0313490150354384,0.0277254722891456,0.024491859378724,0.0217036513705865,0.0193453517904859,0.0173444018571615,0.015596676035531,0.0139959414400298,0.0124577451667232,0.010936373542024,0.00942892126698059,0.00796532619550765,0.00659334275065481,0.00536064610374591,0.00430007211698207,0.003422848807443,0.00271936953058557,0.00216506559858389,0.00172815380182395,0.00137871298010204,0.00109270445845795,0.000853782331026883,0.000652717728458383,0.000485177606648122,0.000348793500380397,0.000241623646342006,0.00016093823799173,0.000102825629452061,6.29095169234778e-05,3.68199593109434e-05,2.06236915283343e-05,1.0202367761063e-05,0,0,0,0,0,0
"Age_55",0.000888949217909783,0.00132724920508794,0.00192819673001145,0.00273377237135053,0.00379418743208233,0.00516946498951567,0.00692245810355824,0.00911962085695966,0.0118210783757739,0.0150671131359263,0.0188671011838298,0.0231796208357434,0.0279048708446435,0.0328834766465617,0.0378998267044865,0.0426951456467783,0.046987782703431,0.0505071658578454,0.0530174457623762,0.0543467579308441,0.0544070958391429,0.0532001301228242,0.0508384427081602,0.0475166424038099,0.0434924379547541,0.0390644190107391,0.0345366827103846,0.0301873695702327,0.0262361120133231,0.0228232881570111,0.0200000344334939,0.0177303589694661,0.015911084810031,0.0143966555915375,0.0130421009248754,0.0117313285773787,0.0103990467647592,0.00903540071635151,0.00767464304415971,0.00637496778604051,0.00519517624829057,0.0041765583987085,0.00333453895535124,0.00266079014471433,0.00212828384626675,0.00170449642260262,0.00135959329151226,0.00107146234081751,0.000826927464557542,0.000619983262993723,0.000448630655249343,0.000311733986792841,0.000207258743638992,0.000131530655579733,7.95803086794302e-05,4.58116620303092e-05,2.50738642340811e-05,1.30431047894018e-05,0,0,0,0,0,0,0
"Age_56",0.000975782477454372,0.00148396011086483,0.0021916781942033,0.00315177466329758,0.00442435425555901,0.00607097987779655,0.00815110696859425,0.0107120433930482,0.0137798059920471,0.0173486115117953,0.0213728808717635,0.025761619126561,0.0303833630164853,0.0350733858543801,0.0396435685628891,0.0438899167903923,0.047603929209441,0.0505817148764096,0.0526340555172761,0.0536031036893083,0.0533827224636645,0.0519353636032637,0.0493366268706131,0.0457588833683533,0.041467229018026,0.036793066572323,0.0320893443654778,0.027680956768783,0.0238143271265634,0.020629345825653,0.0181498941413448,0.0162934851743242,0.0149035002317915,0.0137886566867172,0.0127710091005568,0.011718606549211,0.0105646577549946,0.00930857094808488,0.00799912527036251,0.00671038719337903,0.00551496304134467,0.00446534792116943,0.00358527578476383,0.00287083828353413,0.00229927193659153,0.00183981266605471,0.0014636625895517,0.0011493093385802,0.00088344649860895,0.000659796265077609,0.000475852656564614,0.000329779365265185,0.000218841019591576,0.000138780659577333,8.39296427655683e-05,4.83406549581384e-05,2.64880892097438e-05,1.28695937365927e-05,0,0,0,0,0,0,0
"Age_57",0.000706126928863606,0.00114086659837766,0.00178662197093471,0.00271545499126856,0.00400881807853407,0.00575449396796273,0.00802549487493177,0.0108775973620046,0.0143269737286437,0.0183391969261465,0.0228228121677137,0.0276302060319271,0.0325695608625676,0.0374237092329968,0.0419708750343992,0.0459990623812976,0.04932152774607,0.0517783019275955,0.0532382911480826,0.0536050742710836,0.052826989446153,0.0509149851029456,0.0479598218210831,0.0441479549190928,0.0397433556637053,0.0350687763151194,0.0304625800751777,0.0262303361011297,0.0225982794890966,0.0196835907874676,0.017485505813567,0.0158943208949909,0.0147320185708119,0.0137869571299277,0.012871263677088,0.0118529129715222,0.0106761808109614,0.00935942671748753,0.00797350152369247,0.0066135583708482,0.00536786899131342,0.00429521703826207,0.00341850309157781,0.00272655437087899,0.00218702376604091,0.00176049150293292,0.00141207322593697,0.00111743776230518,0.000863527709255871,0.000646104388475692,0.00046487666717616,0.000320053056341005,0.000210145877090667,0.00013128495641392,7.79235786941524e-05,4.38938075683138e-05,2.2280009671821e-05,1.13577667943858e-05,0,0,0,0,0,0,0
"Age_58",0.000502796504786629,0.000844546113970957,0.00137025254265051,0.00214800761613805,0.00326030284068812,0.00479409630540377,0.00683671621486967,0.00946038798981395,0.0127106206639252,0.0165921359814532,0.0210574586531441,0.0260056474627128,0.0312810078928689,0.0366847263407774,0.0419866840394284,0.0469331335256139,0.0512662489991051,0.0547188129540827,0.0570464102701236,0.0580337449178301,0.0575471167038741,0.0555579869435088,0.0521868626997764,0.047699068840567,0.0424778157146366,0.0369694420772538,0.0316125932491439,0.0267705761931591,0.0226906361537965,0.0194708701921002,0.0170806408573299,0.0153653089897561,0.0141061515791532,0.0130607241844686,0.0120201222366967,0.0108483547586538,0.00950171272361656,0.00802076860587824,0.00650096798548159,0.00505379291124359,0.0037724117445588,0.00271195954236795,0.00188580900231943,0.0012757205946396,0.000843883800285635,0.00054886826388278,0.000351608160742017,0.000221948530240221,0.000137489214294544,8.31559705249117e-05,4.1166399248622e-05,2.44548469355715e-05,1.37187959791008e-05,7.25669187025281e-06,3.60991756406081e-06,1.68709506445137e-06,0,0,0,0,0,0,0,0,0
"Age_59",0.000820648201654196,0.00133287468398648,0.00208934254258218,0.00316444315749715,0.00464066195077478,0.00660045783259739,0.00911348366302004,0.0122266758610807,0.0159513705785066,0.0202455621273709,0.0250145511985474,0.030112006641381,0.0353445273682444,0.0404941711385004,0.045330603543779,0.0496282299917342,0.0531717006484661,0.0557633187126519,0.057236034742718,0.0574623692782854,0.0563693282537575,0.0539808575999963,0.0504143555088072,0.0458880877280412,0.0407178772943112,0.035266023900188,0.0299033825912147,0.0249538028352318,0.0206558573872966,0.0171361869901988,0.0144019178686793,0.012366432368373,0.0108766985885049,0.00974988220458932,0.00881885502685664,0.00795327442732724,0.00707539408381923,0.0061583894961018,0.00521539013996339,0.00428285520579554,0.00340403209975167,0.00261674889154687,0.00194495473097113,0.00139832672978733,0.000973499792738397,0.000656460933980291,0.000429433373421604,0.00027274768210781,0.000168146203024285,0.000100652618502669,5.84280123154881e-05,2.24107538274743e-05,1.31769021808465e-05,7.33403488124268e-06,3.85480413807514e-06,1.90907439293286e-06,0,0,0,0,0,0,0,0,0
"Age_60",0.000694990480031974,0.00115119755068919,0.00183000836369263,0.0027990960704885,0.00413275418232158,0.00590979466270143,0.00820629359055824,0.0110859545295848,0.0145978061684484,0.0187462291859188,0.0234844398109528,0.0287061334782161,0.0342349763929246,0.0398376318449548,0.0452381824476643,0.0501431856396529,0.0542648750419963,0.0573339111788127,0.059139242926682,0.059535240387473,0.0584612759799793,0.0559677179899722,0.0522103866184645,0.0474481022856385,0.0420240829572233,0.0363146871177456,0.0306902794820533,0.025468396223648,0.0208808095127604,0.0170567600243016,0.014017533085021,0.0117036974716427,0.00999114417100261,0.00872454420051631,0.00775099956121513,0.0069370912532157,0.00618562785500952,0.00544005637242269,0.00468070196477252,0.00391742798585449,0.00317725783164671,0.00249307481539867,0.00189346198620996,0.00139708998045649,0.00100956372446805,0.000724315112540929,0.000526809384356934,0.000396515340565726,0.000312762771742684,0.000257341642134421,0.000216201433270386,0.000172118286240375,0.000143118420702597,0.000112549889630933,8.3284434002908e-05,5.78075992148168e-05,3.75529944451961e-05,2.27961753473337e-05,1.29087869099281e-05,6.83503678961449e-06,3.36830770080141e-06,0,0,0,0
"Age_61",0.000799293424614998,0.00130203037877496,0.00203746116994175,0.003071852171455,0.00447776996952476,0.00633114184051097,0.00870189401247117,0.0116501263677305,0.0152175045189993,0.0193984219070848,0.0241408451465185,0.0293305081544105,0.0347832056721125,0.0402631769108139,0.0454969868835236,0.0502030656767114,0.0541145386788502,0.0570000699361674,0.058683931409143,0.0590515973742498,0.0580512611280679,0.0557278196343799,0.0522095238778874,0.0477092219089517,0.0425252941727773,0.0369975028470733,0.0314718598825897,0.0262548047652478,0.0215785060082779,0.017579966371072,0.0142980715649031,0.011695504753775,0.00968221278163549,0.00813647261462729,0.00693890759994964,0.00598089119305523,0.00517417409199923,0.00445681203204049,0.00379020805470036,0.00315805501033113,0.00256132845243675,0.00201211859642387,0.00152688110588897,0.00112034157256124,0.000800738726788599,0.000566294025331673,0.000407315312160932,0.000307909804460671,0.00024890750659227,0.00021292979385359,0.000186227119959027,0.000148515311980794,0.000127612587253884,0.00010181846878488,7.54054367280885e-05,5.18143929358529e-05,3.30357417984863e-05,1.95493601923288e-05,1.07267504562542e-05,5.45609607345371e-06,2.58194038776562e-06,0,0,0,0
"Age_62",0.000331563400331796,0.000600867255800809,0.00104097042010286,0.00172724696326726,0.00274943714127714,0.00420259339294446,0.0061879296851999,0.00878831407427517,0.0120721789199872,0.0160779418492224,0.0207964589284194,0.0261703372376465,0.0320648995334928,0.0382649667979666,0.044472942524066,0.05032234331441,0.0554159166924132,0.0593707558755098,0.0618722784077408,0.0627349589007219,0.0619034170618132,0.0594892894957028,0.0557269574349801,0.0509267914932151,0.0454503175607274,0.039646085155176,0.0338363142309769,0.0282976275743453,0.0232537845323479,0.0188578795892031,0.0151834080578443,0.0122216515046781,0.00989124714920711,0.00806739860550502,0.00661923578423727,0.00543266124830689,0.00442817096608611,0.00356167055416563,0.00281001720566037,0.00216502737746056,0.00162330297729982,0.00118163262283823,0.000836905850284157,0.000583459812050304,0.000412190777693824,0.000310157526780643,0.000260494541576824,0.000244378312873049,0.000243604195731862,0.0002433351951091,0.000229893912240568,0.000210496522655857,0.000178978889153937,0.000141116083601962,0.000103149580595717,6.98655272698845e-05,4.38533937206151e-05,2.55253965501626e-05,1.37536394569172e-05,6.86861038400122e-06,3.18273569745212e-06,0,0,0,0
"Age_63",0.000256849184643716,0.000476406598997904,0.000841590579433288,0.00141767189074019,0.00227684147555776,0.00349620852774218,0.00515353357579612,0.0073264948525642,0.0100982547269692,0.0135633407845963,0.0178091105315649,0.0229011171145108,0.0288271769491993,0.0354431998983119,0.0424409502912084,0.0493449717867461,0.0555789635515314,0.0605576585590448,0.0638223966396935,0.0651248479831346,0.0644512491525706,0.0620148381999335,0.0581613638925292,0.0532792960304405,0.047736616510083,0.041845694209701,0.035876007477038,0.0300734305862167,0.0246698270295009,0.0198625098138016,0.0157831401946433,0.0124758313261414,0.00988621371169852,0.00789137656481941,0.00634708703917665,0.00511566899018846,0.00410083866630413,0.00324487514235972,0.0025175123780432,0.00190447014089063,0.00139841088830747,0.0009931880451665,0.00068403593950385,0.000464275994180913,0.00032359877008725,0.000247591965794893,0.000218387897546423,0.000216933128811242,0.000225766781557105,0.000226581624296223,0.000223687095864238,0.000205341822576525,0.00017501051627012,0.000138344121862756,0.000101451168789033,6.89863196028102e-05,4.35150912655329e-05,2.54601626108138e-05,1.38120693422172e-05,6.94538946506451e-06,3.24264903178466e-06,0,0,0,0
"Age_64",0.000274825164826188,0.0004925248162203,0.000842748692717172,0.00138012734375118,0.00216869037140149,0.00327932288113197,0.00479204932603931,0.00679159806208548,0.00936781075202708,0.0126130418912459,0.0166023026509832,0.0213773370251463,0.0269114226182347,0.0330724837596716,0.0396074468063206,0.0461360082220933,0.0521925436978027,0.0572826361522662,0.0609817938359572,0.0630013453695856,0.0632263682389618,0.0617443292232265,0.0587807080979941,0.0546394852064446,0.049655723646176,0.0441403371683709,0.0383791344458189,0.0326403733933702,0.0271758976211958,0.0222110572394259,0.0179076266418393,0.0143448886038515,0.0115028385295605,0.00928071818962351,0.00754020085946648,0.00614176323853182,0.00497727757262525,0.00397911247314739,0.00311411522117693,0.00237143083824341,0.00174941344158784,0.0012474129228189,0.000862065266026181,0.000584991760055222,0.000402379738375773,0.00029645775914333,0.00024642575090301,0.000230896853220433,0.000230925737223423,0.00022468360328814,0.000220784205889088,0.000202669142637098,0.00017328209001488,0.000137756002902514,0.000101812878402967,6.99007713646893e-05,4.46321982176946e-05,2.64679688117051e-05,1.45763868845158e-05,7.46631674634789e-06,3.55331692790306e-06,0,0,0,0
"Age_65",0.000498224496476417,0.000848636843683479,0.00138517967116798,0.00217017965355903,0.00327210982661547,0.00476640422711106,0.00673010501329726,0.00923286161778934,0.0123353074617435,0.0160722881921677,0.0204303408559633,0.0253390280017033,0.0306613622625815,0.0361904881794641,0.0416672864429692,0.0467991928749465,0.0512881365522927,0.0548660894690702,0.0573132367611097,0.0584909544044922,0.0583561505185802,0.0569499118052915,0.0543878409437471,0.0508416554937593,0.046514690690152,0.041628311228348,0.0364238280893862,0.0311544998054318,0.0260726538970343,0.0214064246860153,0.0173266429155033,0.0139267914223718,0.0112117615411606,0.00911286445805108,0.00751505600221663,0.00628937772427637,0.00531828601718954,0.00451061055391407,0.00380578528900727,0.00317034995985978,0.00259249901493558,0.00207503469294732,0.00162772809743057,0.00126017316640199,0.000976982790934679,0.000774692012274402,0.00064161120223327,0.000560261605653768,0.000511321254450324,0.000476916713717955,0.000443308354649278,0.00039554578775666,0.000349635299825048,0.000293838152445611,0.000234154049409906,0.000176603006633934,0.000125842811683046,8.46204622080738e-05,5.37184807671778e-05,3.21326703103011e-05,1.80916600405368e-05,9.58614188898629e-06,4.79672190126906e-06,0,0
"Age_66",0.000336154094161539,0.000593955424947055,0.0010065782289272,0.00163752715744047,0.00256323463372145,0.00386549793207243,0.00563280150924428,0.00794300998623274,0.0108643979421412,0.0144370111145058,0.0186609511462874,0.0234867535660895,0.028803558826207,0.0344374807789051,0.0401496292299057,0.0456508308664857,0.0506212934137981,0.0547463214963119,0.0577524783323809,0.0594529970174035,0.0597628723693352,0.0587091115763686,0.056412819779747,0.0530505968717886,0.0488391794548516,0.0439962698201815,0.0387567063117328,0.033359078189422,0.028049312620801,0.023062810678197,0.018598752840863,0.0147842862256408,0.011673421266684,0.00922391708512296,0.00734649012643526,0.00591406664644622,0.00480544453789954,0.00392049953371897,0.0031891297503777,0.00257037208167569,0.00204331202499184,0.00160129229347169,0.00124184789071679,0.000963763164646888,0.000761944445738379,0.000626995317900636,0.000545424029457724,0.000500641257270254,0.000475953088159515,0.000456249859519471,0.000430596212055668,0.00038867033280676,0.000341331487340363,0.00028367939812062,0.000222424576724806,0.000164219416513717,0.000113987031156594,7.4265552917456e-05,4.54118927539629e-05,2.60359829349449e-05,1.39906452366029e-05,7.04626457096539e-06,3.31737053585606e-06,0,0
"Age_67",0.000319400151352526,0.000580533230155347,0.00100642286655429,0.00166656019081495,0.00264609941628459,0.00403238476246773,0.00591955861940249,0.00839144832327183,0.0115123204594807,0.0153213946986243,0.0198042158025713,0.0248986271524544,0.0304746859025797,0.0363380443934703,0.0422302536655306,0.0478429321155072,0.0528398988477558,0.0568939590864768,0.0597205263880082,0.0611372120061799,0.0610595162678429,0.0595392364676626,0.0567183622275006,0.052808658238883,0.0480674788364046,0.0427550297464021,0.0371406726031369,0.0314850036797143,0.0260376300155319,0.0210223035605936,0.0166150416567894,0.0129239131341926,0.00997737280800198,0.00772439027616468,0.0060648754833989,0.00485930834050186,0.00397577328907424,0.00330042014075572,0.00275129827752493,0.00227877381641926,0.00185857709461136,0.00148509082675041,0.0011616240958171,0.000893907898385186,0.000684626133597694,0.000531193229165935,0.000425899505019992,0.000357417077038598,0.000313622983671922,0.000283311433018597,0.000249678704400195,0.000228868361962917,0.000202522218492366,0.0001720665000983,0.000139758674189154,0.000108176596182767,7.95854079305424e-05,5.55529484727495e-05,3.67423052303069e-05,2.29930460772962e-05,1.36101721459533e-05,7.6107858631254e-06,4.02054219800775e-06,2.00651424038909e-06,0
"Age_68",0.000312045885599933,0.000568826823300861,0.000994338090400121,0.00166439184328873,0.00267187410407528,0.00411821496718351,0.00610607958722847,0.00872907504458764,0.0120520676393241,0.0161110293446444,0.0208742820222627,0.0262540377859021,0.0320855165566354,0.0381341070934052,0.0440981957321314,0.0496303293987358,0.0543658951328885,0.057976067533179,0.0601993415871147,0.0609270033064453,0.0601733515850277,0.0580911417081175,0.0549054998544738,0.0508709270258724,0.046224660622789,0.0411682103558504,0.0358875171132504,0.0305670704667948,0.0254047598771207,0.0206017308396567,0.0163351699303058,0.0127250412477792,0.00981470117715351,0.00756853254651001,0.00589752861558451,0.00467907648637323,0.00379177885561832,0.00312747409887947,0.00260459228947411,0.00216715944306511,0.00178312776443624,0.0014406176109107,0.00114024915541799,0.000888417722371382,0.00069005372526223,0.000544692191545465,0.00044584218618245,0.000382387056157299,0.000342116338425644,0.000313684143003483,0.000282406171780218,0.000259789303219611,0.000231279353862682,0.000198399949872163,0.00016339159901724,0.000128848405970548,9.70735286390145e-05,6.97668185716854e-05,4.77594258776851e-05,3.11120003484486e-05,1.92836588430605e-05,1.13414173554229e-05,6.34574919645563e-06,3.37110570352154e-06,0
"Age_69",0.000342243688775847,0.000610314490245721,0.00104424218956118,0.00171586215331888,0.00271714877320974,0.00415379491060397,0.00614656631312547,0.0088176220397914,0.0122686966081183,0.0165657193869877,0.021689942443389,0.0275328314706722,0.0338685610253444,0.0403754967336704,0.0466622518808811,0.0523171853305774,0.0569511382338576,0.0602576788193685,0.0620249563675765,0.0621844879729561,0.0607856985262946,0.0580018465927064,0.0540873825874545,0.0493387614313199,0.0440667530298292,0.0385556871661775,0.0330598821547855,0.0277921346252386,0.0229234058194435,0.0185789158933301,0.0148383892689617,0.0117250760945763,0.00922316961245194,0.00726967504078601,0.00578095397800915,0.00466056872219611,0.00381524641043258,0.00316294335726346,0.00263822009768864,0.00219594154186969,0.0018084165325747,0.00146421819174009,0.00116220465591237,0.000906305967462574,0.000700220276159739,0.000543344365506084,0.000431169799474749,0.000354820656720916,0.000304272605633452,0.000269674211304034,0.0002430160758521,0.000214232293312017,0.000191690508691882,0.000165726694605915,0.000137727886118346,0.000109576077708888,8.31788603847114e-05,6.01197656131202e-05,4.12817415122828e-05,2.68772288752846e-05,1.6613921511352e-05,9.71644830646711e-06,5.38026506629108e-06,2.82218710599769e-06,0
"Age_70",0.000365905946343911,0.000642555651429871,0.0010865772407216,0.00177737400748139,0.00281635031445768,0.00432902491572299,0.00645769925122293,0.00934108602792712,0.0130969125591211,0.0177716122479046,0.0233205896159844,0.0295824559883933,0.0362664545913738,0.0429877595641382,0.0492996739879412,0.0547502070190757,0.0589364604817042,0.061557166315942,0.0624410414660901,0.0615888311717478,0.0591448134829878,0.0553881815402966,0.0506841298230407,0.0454135621471871,0.0399322526654568,0.0345274227864196,0.0294100203897779,0.0247180286476389,0.0205358784609879,0.0169018757770948,0.0138284594450709,0.0112991546804135,0.00927107361113258,0.00768754167877812,0.0064730110896429,0.00554815231178428,0.00483347354645505,0.00425682209155362,0.00375891885404745,0.00329741772964457,0.00284912017768852,0.00240902876719045,0.00198574767081425,0.00159491897853419,0.00125211959065949,0.000967750039523234,0.00074445785564141,0.000577687696823685,0.000457901614844026,0.000373057622017015,0.000311720750212603,0.000247412019768505,0.00021583730767712,0.000182455628289108,0.000148419474135835,0.000115506318643109,8.55869166107042e-05,6.01823296216249e-05,4.00633057533572e-05,2.51888368043162e-05,1.49472514323641e-05,8.36299236554445e-06,4.40858132363802e-06,2.18914949131295e-06,0
"Age_71",0.000239120978299301,0.000442642352478468,0.000786451583897001,0.00134386546431958,0.00221808663510232,0.00354569366755553,0.00550267060163603,0.00828900619606684,0.0120945623625862,0.0170522892072258,0.0231612100542301,0.0302570324532385,0.0379896399994602,0.04587390005535,0.0533545135235342,0.0598763898930574,0.064919372676517,0.0680534006076309,0.0689693041999567,0.0675615442629742,0.0639747683577322,0.0586022496840109,0.0520374448532184,0.0449289788538745,0.0378671492984495,0.0312852068529323,0.0254417102702545,0.0204374001396305,0.0162791704983875,0.0128972200655983,0.0102073205436147,0.00810926252634189,0.00651057536616851,0.00532946662836989,0.0044902505351751,0.00392450554556149,0.00355813883177271,0.00331278583257997,0.00310906862245324,0.00288093771340052,0.00258998810583689,0.00223415973191092,0.00184072347576089,0.00145203709793668,0.00110723124349385,0.000830191938042885,0.000625752709368527,0.000484993875401714,0.000391702680895115,0.000329405009490204,0.000271122250972355,0.000242403943933661,0.000211425233558672,0.000178690781264649,0.000145378308511294,0.000113218706987624,8.39992704079861e-05,5.91600562273057e-05,3.94816411529761e-05,2.48822230732692e-05,1.48186418302592e-05,8.32479452578987e-06,4.40196183535606e-06,2.19852293810112e-06,0
"Age_72",5.95338601632104e-05,0.000101037558668843,0.000241304269986686,0.000452886616464364,0.000847514426647344,0.0015628109121454,0.00280030274461088,0.00482099168724309,0.00791379633733112,0.0123349328607814,0.0182329512780752,0.0255768668501112,0.0341340084108166,0.0434794080835449,0.0530262605798158,0.0620604711477824,0.0697635086165533,0.0752635901951297,0.0777824470869678,0.0768643784766257,0.0725720138458309,0.0655336550416218,0.0567841279107244,0.0474643761007121,0.038536506430087,0.0306238252168959,0.024008688984752,0.0187196233036886,0.014618451668788,0.0115025154169869,0.00915528837747415,0.00737860513252588,0.00601213893376983,0.0049426402171027,0.00410046377955645,0.00344710850583244,0.00295577148980994,0.00259328321298229,0.00231248790103356,0.00206123259692433,0.00179886731894131,0.00151072399857997,0.00120845207708479,0.000917927286779951,0.000664081336503267,0.00046060970957948,0.000308583049681037,0.000200688222338971,0.000126801471642463,7.03120640107132e-05,4.30559254445235e-05,2.47684472482952e-05,1.33569480127841e-05,6.76258757295141e-06,3.20349001542908e-06,0,0,0,0,0,0,0,0,0,0
"Age_73",8.66094479883916e-05,0.000142026624490076,0.000224926981399206,0.000438300930527706,0.000763364753694959,0.00134721255487687,0.00237292477090194,0.00409533988226267,0.0068197440630549,0.0108532897511324,0.0164333131381339,0.0236358978119466,0.0323348309048925,0.0421996412682295,0.0527194762389084,0.0631909730957299,0.0726733855677556,0.0799658687779794,0.0837720828173802,0.0831886207619818,0.0781307866767952,0.0694958118366587,0.0588478054822954,0.0478227983515955,0.037600130394568,0.0287609251677541,0.0214537023418449,0.0156378004516053,0.011235706992412,0.00813871520335834,0.00616082837750927,0.00502145520997137,0.00439691692237776,0.00400439159125403,0.00367188253528287,0.00334860790594265,0.00305589104449924,0.00281607468842586,0.00260957506434827,0.0023836728309085,0.00209277416206851,0.00173345837141313,0.00134454923814567,0.000980315839244362,0.000681248264462362,0.000460027515410898,0.000307473679498688,0.000205290444424798,0.000126967188434861,8.63400296399232e-05,5.59281292824101e-05,3.4421950152954e-05,2.00824735562846e-05,1.11167130889743e-05,5.81778363175239e-06,2.8790048709531e-06,0,0,0,0,0,0,0,0,0
"Age_74",3.97156484934029e-05,7.37218001652688e-05,0.00013113101980417,0.000223162963961409,0.000460206452501032,0.000850305856974856,0.00158187998189619,0.00291354580571095,0.00519903931661408,0.00884100872121105,0.014182176189159,0.0213663730723211,0.0302249237315635,0.040333229611808,0.0511584690453488,0.0621644367055861,0.0726582571475608,0.0814676524864059,0.0868905787301507,0.0873011719409581,0.0821158026204696,0.0723491786677005,0.0601722640171469,0.0478817680162331,0.0369805386517071,0.0279690536108844,0.0207398202780319,0.0150533554116363,0.0107769750518876,0.00784462809919148,0.00610506711808509,0.00524593905801377,0.0048548218937144,0.00456631245288018,0.00419390664791839,0.00375664424769451,0.00337701267067071,0.00313321126825349,0.00298177622982523,0.00279647021080228,0.00247654546583218,0.0020194059876278,0.0015088661690694,0.00104714591158733,0.000694023342000308,0.000454746408197619,0.000301995878114376,0.000188163050531334,0.000132973557909503,8.95357577625437e-05,5.72990417604281e-05,3.47465013989003e-05,1.99562924995435e-05,1.08279401549265e-05,5.55065474576525e-06,2.68558986640265e-06,0,0,0,0,0,0,0,0,0
"Age_75",4.88771862685556e-05,8.85330356103416e-05,0.000153942001148023,0.000256243112393055,0.000410365095824689,0.0007864897721344,0.00140610443060851,0.00258215289413136,0.00474257387376075,0.00841000657773809,0.0140272066093053,0.0217001954426415,0.0310668031546802,0.0414581073193539,0.0522847057717915,0.0632469731341055,0.07400715738536,0.0835373588257488,0.0898771997502986,0.0908867167712998,0.0855534622855121,0.0748121862741858,0.061148809137392,0.0473494824747878,0.0353545098718718,0.0258882397622907,0.0187745509817363,0.0134969879654297,0.00958612096034274,0.00673402609128465,0.00474239066107453,0.00343939180948939,0.00265575476909942,0.00224572684948687,0.00211787425229696,0.0022273505129053,0.00252971351282938,0.0029242498954116,0.00324223491581513,0.0033079926511664,0.00303872497141492,0.00249655490567854,0.00184593902535999,0.00125250595225187,0.000806429401029722,0.000513700667464963,0.000334601587929441,0.000205669215955974,0.000146506276403,9.96690847905692e-05,6.46355814345177e-05,3.98352192420615e-05,2.33250531644025e-05,1.29399820777104e-05,6.80816824548099e-06,3.3871289453458e-06,0,0,0,0,0,0,0,0,0
"Age_76",5.73397002367292e-05,0.00010384497316097,0.000179619521085948,0.000298228469468701,0.000626600921255075,0.00116843532677772,0.00220369501537958,0.00409446938441423,0.00727125550432199,0.0120851349511689,0.0186076711740971,0.0265515519114464,0.0354392748067439,0.0449594083696732,0.055162130768332,0.0661595700831694,0.0774060050505585,0.0871624238587824,0.0928162421072812,0.0920968692871855,0.0843908031028688,0.071213673210391,0.0554890082398586,0.04020966174201,0.027418108952775,0.0179115786125012,0.011508881823346,0.0075306450302599,0.0052002938853049,0.0038661206960155,0.0030826357064862,0.00259812158679216,0.00231128486808698,0.0022207376383521,0.00237838755723952,0.00283107816101931,0.00354830957198109,0.00437082933024899,0.0050285925285568,0.00525015303746041,0.00490763392112109,0.00409050395378379,0.00304755037726619,0.0020489942477598,0.00126768057885247,0.000745076149509918,0.000433883705559603,0.000259944903274111,0.000141051657202306,9.74502109444935e-05,6.40201460532978e-05,3.99667131892292e-05,2.36619043307561e-05,1.32844636815681e-05,7.06414184117249e-06,3.55645953609181e-06,0,0,0,0,0,0,0,0,0
"Age_77",7.36840101661171e-05,0.000131728484757147,0.000224877936514842,0.000366955463103803,0.000725814087211254,0.00130327368185707,0.00237837705748592,0.00430962097548795,0.00752562861265723,0.0123746932150134,0.0189277635133037,0.0268970865567089,0.0358053587004502,0.04534015060843,0.0555495172919082,0.06654182996571,0.0777691029196369,0.0874900436568256,0.0930947256620785,0.0923147990435173,0.0845453728189588,0.0713055681023774,0.0555243147365415,0.0401938214070766,0.0273558502634294,0.0178047265627778,0.0113576616608652,0.00733533643779189,0.00496259458792865,0.00359130222453624,0.00277922170232417,0.002277730798218,0.00198671115984651,0.00190457791239853,0.00208120884372554,0.00256013987537642,0.0033069521016672,0.00415800941667729,0.00484010615551247,0.00507963949675812,0.00474870453756855,0.00393810474948182,0.00289927810367844,0.0019052994608795,0.00113142110037202,0.000620344929671814,0.000324697824357566,0.000169044905969433,6.94330492681857e-05,4.40712860304065e-05,2.64928171964942e-05,1.50563711517171e-05,8.07901842249729e-06,4.09413834002885e-06,0,0,0,0,0,0,0,0,0,0,0
"Age_78",0.000199392713862446,0.000286801346739268,0.0004080544727905,0.000574817791034108,0.0009531967304716,0.00154402229524665,0.00262569249377842,0.0045560029692784,0.00776245620834163,0.0125917310478232,0.0191130616201285,0.027037425084362,0.0358882264379168,0.0453572459141253,0.0554998350093549,0.066433423324531,0.077617581689633,0.0873148383003155,0.0929149510074616,0.0921440515659554,0.0843874687791043,0.0711565312488146,0.0553747146586679,0.0400348529261218,0.0271824065656283,0.0176171980514872,0.0111615646003609,0.00713978216486948,0.00477730192665299,0.00342458548802768,0.00263682973009318,0.00216284928434579,0.00190065447536609,0.00184655177148979,0.00204908507948437,0.00255072817375993,0.00331631477936963,0.00418210756778359,0.00487477344892308,0.00512107327492139,0.00479365816919985,0.00398402216648007,0.00294426583260112,0.00194799900246528,0.00117082378391345,0.000655668192962996,0.00035533630556684,0.000194619735628776,8.98342321069665e-05,5.95765087459832e-05,3.76669402136442e-05,2.26684185336746e-05,1.29731292103108e-05,7.05815896073843e-06,3.64740498832341e-06,0,0,0,0,0,0,0,0,0,0
"Age_79",0.000216274104742452,0.000310122754530883,0.000441266315668981,0.000622759656398374,0.00102228406795934,0.00164221572539374,0.00276182566795635,0.00473780988442891,0.00799480026229283,0.0128741543673139,0.0194381679400941,0.0273903121410312,0.0362471826642035,0.0456969607728834,0.0557954904207611,0.0666648648295707,0.0777750213620904,0.0874006662232186,0.0929428311489593,0.0921365002579332,0.0843709435674221,0.0711551845533828,0.0554063939207121,0.0401060878404003,0.0272884351879412,0.0177447785591105,0.0112925707190174,0.0072554529122481,0.00486243361425375,0.00346942620510608,0.00263777237471071,0.00211989528988351,0.00181544598574731,0.00172134650889482,0.00188520820804803,0.00234862567264709,0.00307658678352152,0.00390689199077864,0.00456922728866512,0.00479396915702245,0.00445679564271121,0.00365115393696691,0.00262934270147281,0.00166327092111995,0.000925101127116045,0.000453501523932093,0.000196926130927017,7.65022668003789e-05,6.08094360671363e-06,3.13789840202003e-06,0,0,0,0,0,0,0,0,0,0,0,0,0,0,0
"Age_80",0.000207286914239135,0.000287686140885449,0.00039580090921048,0.000542769939317858,0.000894869012232754,0.00145486007995585,0.00250429504038962,0.00440410017503652,0.00758512273513835,0.0123964333109856,0.0189081739307569,0.026832135246715,0.035693282525784,0.0451857901907652,0.0553687666583129,0.0663635646131699,0.0776313281626432,0.0874342738370723,0.0931552452073527,0.0925082527892698,0.0848670813786998,0.0717299197542898,0.0560092362440043,0.0406930479494363,0.0278266230833772,0.0182139212367485,0.0116851322613063,0.0075728642616425,0.00511149409276029,0.00365892350827639,0.00277559871256615,0.0022136579043678,0.001872081471613,0.00174693888028176,0.0018856056884357,0.00232977662495922,0.00304402738726508,0.00386563685610886,0.00452387925348301,0.00474826213477571,0.00441379383235422,0.00361315440781261,0.0025976866183372,0.00163831682545757,0.000906537425632113,0.000440467984735362,0.000188292914802849,7.11063385133607e-05,2.89754872371205e-06,0,0,0,0,0,0,0,0,0,0,0,0,0,0,0,0
"Age_81",0.000292058169337223,0.000407845323171288,0.000558950162625946,0.000755383598348004,0.00116198003377931,0.00178010052096417,0.00289039535653571,0.00485409727560666,0.0081027662960095,0.0129856017339522,0.0195708829832301,0.0275648055500643,0.0364827078836457,0.0460061461111132,0.0561815707794845,0.0671208311860113,0.0782817841375638,0.087931961332189,0.0934663935248154,0.0926158777824587,0.0847720410731701,0.0714477926300093,0.0555655259431532,0.0401172272228669,0.0271480742079388,0.0174602135750588,0.0108820767704147,0.00674619814952908,0.00428852981165732,0.00286842538659575,0.00204596038029634,0.00156969414428098,0.00133125649846747,0.00131690459939533,0.00156363858548965,0.00210419441366667,0.00289745504468424,0.0037786089325129,0.00447782318948229,0.00472781551498975,0.00440760343393025,0.00361368721874803,0.00260058021774161,0.00164138969268186,0.000908953299328114,0.000442096758990923,0.000189273897725718,7.16462339636067e-05,3.17343232424451e-06,0,0,0,0,0,0,0,0,0,0,0,0,0,0,0,0
"Age_82",0.000291308440515729,0.000401248908525738,0.000541153628885381,0.000719819153264546,0.00110219297522845,0.00169138383406289,0.00277252013894966,0.00471316632121861,0.0079518392075069,0.0128450484754783,0.0194644257428356,0.0275160484217673,0.0365103658848587,0.0461195337936045,0.0563780242644207,0.0673847989827435,0.0785869065437855,0.0882440408501412,0.0937480580206244,0.092831757613883,0.0848940208312736,0.0714592045998121,0.0554643044218229,0.0399167380674842,0.0268755508023056,0.0171527771159425,0.0105802736933368,0.0064869172694267,0.0040988166876215,0.00276194036214648,0.00202163733794889,0.00161452171933304,0.00142511741060603,0.00143721077015769,0.00169026588157333,0.00222203938935622,0.00299741772569531,0.00385708307091814,0.00453523811094086,0.00476704885128575,0.00443259651142135,0.00362842373509587,0.00260850728473842,0.00164515824810637,0.000910435879085522,0.000442468033617841,0.000189192283027311,7.14527036190801e-05,0,0,0,0,0,0,0,0,0,0,0,0,0,0,0,0,0
"Age_83",0.000242958442572658,0.000347564324385737,0.000477541008102657,0.000638096623338217,0.000992347685544911,0.00154519540457538,0.00258877446148515,0.00450392872377461,0.00774704407611052,0.0126925936416118,0.0194284365801702,0.0276663605211806,0.0369066604468381,0.0467935300613634,0.0573153126344072,0.0685178443826513,0.079798442532597,0.0893906013430775,0.0946936397459786,0.0934790416766072,0.0852089419408326,0.0714709844741928,0.0552484012190404,0.0395641267501842,0.0264645716514378,0.0167320696439033,0.0101657824236293,0.00607292064916839,0.00367238263300415,0.00231510386927205,0.00155912160425662,0.00115231920559804,0.000985271729064759,0.0010419152463724,0.00135513687353119,0.00195287338745698,0.00279040159853148,0.00370174442847076,0.00441876488964523,0.00467809153669672,0.00436325636310857,0.00357414416560393,0.00256684063827525,0.00161460832188055,0.00088930293290237,0.000428776947835747,0.000180962544180964,6.52680155508768e-05,0,0,0,0,0,0,0,0,0,0,0,0,0,0,0,0,0
"Age_84",0.00025897562435452,0.000364973558161063,0.000488582972497712,0.000630506189311588,0.000951686372426672,0.00145913447186803,0.00245236637209435,0.0043262007075932,0.00755094775168369,0.0125140511742007,0.0193104100031285,0.0276481267030827,0.0370138325360966,0.0470291501682681,0.0576555783459051,0.0689120651148482,0.0801787585056253,0.0896832905808083,0.094833815663004,0.0934268816062763,0.0849584861207027,0.0710539262775686,0.0547296757996577,0.0390276231790121,0.0259945077950407,0.0163937727921303,0.00999253411993082,0.00606226705444068,0.00379320461591582,0.00252110544623162,0.00180272171377352,0.00139572784846058,0.00120502611675278,0.00122819685604731,0.00150786594477994,0.00207563784356852,0.00288729051834257,0.00377580144684807,0.00447238341100473,0.00471398518927813,0.00438492329299565,0.00358559113631425,0.00257189738120338,0.00161621742311651,0.000889427581746547,0.000428475931508153,0.000177124726842383,6.52680155508767e-05,0,0,0,0,0,0,0,0,0,0,0,0,0,0,0,0,0
"Age_85",5.87437468403208e-05,0.000111316095481007,0.000196952392204082,0.000328105596967323,0.000672358052680077,0.00123524326141771,0.00230791962030434,0.00427299855292631,0.0075919958573854,0.0126508013103879,0.0195478690309554,0.0279982623136384,0.037490992470145,0.0476350161071427,0.0583638220239363,0.0696562760408549,0.0808570829523802,0.0901751659676386,0.0950310906315978,0.0932755436799697,0.0844716423430374,0.0703185364179603,0.0538811715683842,0.0382132679898967,0.0253324179671544,0.0159478831224808,0.0097690688031051,0.00602308892532852,0.00387902062359169,0.00267317885203618,0.00197642041348724,0.00156489829066022,0.00135996162576617,0.00136877910609808,0.0016368868333472,0.00219428524357187,0.00299326027104489,0.00386478159148516,0.00454086350898267,0.00476135631691004,0.00441387276894256,0.00360082708520013,0.00257850435051175,0.00161831128923664,0.000889617787754244,0.000428148456779494,0.000177124726842383,6.52680155508768e-05,0,0,0,0,0,0,0,0,0,0,0,0,0,0,0,0,0
